0.000000e+00 -8.419222e-28 
1.000000e-01 2.441840e-05 
2.000000e-01 2.492731e-05 
3.000000e-01 2.497846e-05 
4.000000e-01 2.499091e-05 
5.000000e-01 2.499535e-05 
6.000000e-01 2.499731e-05 
7.000000e-01 2.499831e-05 
8.000000e-01 2.499887e-05 
9.000000e-01 2.499920e-05 
1.000000e+00 2.499942e-05 
1.100000e+00 2.499956e-05 
1.200000e+00 2.499966e-05 
1.300000e+00 2.499974e-05 
1.400000e+00 2.499979e-05 
1.500000e+00 2.499983e-05 
1.600000e+00 2.499986e-05 
1.700000e+00 2.499988e-05 
1.800000e+00 2.499990e-05 
1.900000e+00 2.499992e-05 
2.000000e+00 2.499993e-05 
2.100000e+00 2.499994e-05 
2.200000e+00 2.499995e-05 
2.300000e+00 2.499995e-05 
2.400000e+00 2.499996e-05 
2.500000e+00 2.499997e-05 
2.600000e+00 2.499997e-05 
2.700000e+00 2.499997e-05 
2.800000e+00 2.499998e-05 
2.900000e+00 2.499998e-05 
3.000000e+00 2.499998e-05 
3.100000e+00 2.499998e-05 
3.200000e+00 2.499999e-05 
3.300000e+00 2.499999e-05 
3.400000e+00 2.499999e-05 
3.500000e+00 2.499999e-05 
3.600000e+00 2.499999e-05 
3.700000e+00 2.499999e-05 
3.800000e+00 2.499999e-05 
3.900000e+00 2.499999e-05 
4.000000e+00 2.499999e-05 
4.100000e+00 2.500000e-05 
4.200000e+00 2.500000e-05 
4.300000e+00 2.500000e-05 
4.400000e+00 2.500000e-05 
4.500000e+00 2.500000e-05 
4.600000e+00 2.500000e-05 
4.700000e+00 2.500000e-05 
4.800000e+00 2.500000e-05 
4.900000e+00 2.500000e-05 
5.000000e+00 2.500000e-05 
5.100000e+00 2.500000e-05 
5.200000e+00 2.500000e-05 
5.300000e+00 2.500000e-05 
5.400000e+00 2.500000e-05 
5.500000e+00 2.500000e-05 
5.600000e+00 2.500000e-05 
5.700000e+00 2.500000e-05 
5.800000e+00 2.500000e-05 
5.900000e+00 2.500000e-05 
6.000000e+00 2.500000e-05 
6.100000e+00 2.500000e-05 
6.200000e+00 2.500000e-05 
6.300000e+00 2.500000e-05 
6.400000e+00 2.500000e-05 
6.500000e+00 2.500000e-05 
6.600000e+00 2.500000e-05 
6.700000e+00 2.500000e-05 
6.800000e+00 2.500000e-05 
6.900000e+00 2.500001e-05 
7.000000e+00 2.500001e-05 
7.100000e+00 2.500001e-05 
7.200000e+00 2.500001e-05 
7.300000e+00 2.500001e-05 
7.400000e+00 2.500001e-05 
7.500000e+00 2.500001e-05 
7.600000e+00 2.500001e-05 
7.700000e+00 2.500001e-05 
7.800000e+00 2.500001e-05 
7.900000e+00 2.500001e-05 
8.000000e+00 2.500001e-05 
8.100000e+00 2.500001e-05 
8.200000e+00 2.500001e-05 
8.300000e+00 2.500001e-05 
8.400000e+00 2.500001e-05 
8.500000e+00 2.500001e-05 
8.600000e+00 2.500001e-05 
8.700000e+00 2.500001e-05 
8.800000e+00 2.500001e-05 
8.900000e+00 2.500001e-05 
9.000000e+00 2.500001e-05 
9.100000e+00 2.500001e-05 
9.200000e+00 2.500001e-05 
9.300000e+00 2.500001e-05 
9.400000e+00 2.500001e-05 
9.500000e+00 2.500001e-05 
9.600000e+00 2.500001e-05 
9.700000e+00 2.500001e-05 
9.800000e+00 2.500001e-05 
9.900000e+00 2.500001e-05 
1.000000e+01 2.500001e-05 
1.010000e+01 2.500001e-05 
1.020000e+01 2.500001e-05 
1.030000e+01 2.500001e-05 
1.040000e+01 2.500001e-05 
1.050000e+01 2.500001e-05 
1.060000e+01 2.500001e-05 
1.070000e+01 2.500001e-05 
1.080000e+01 2.500001e-05 
1.090000e+01 2.500001e-05 
1.100000e+01 2.500001e-05 
1.110000e+01 2.500001e-05 
1.120000e+01 2.500001e-05 
1.130000e+01 2.500001e-05 
1.140000e+01 2.500001e-05 
1.150000e+01 2.500001e-05 
1.160000e+01 2.500001e-05 
1.170000e+01 2.500001e-05 
1.180000e+01 2.500001e-05 
1.190000e+01 2.500001e-05 
1.200000e+01 2.500001e-05 
1.210000e+01 2.500001e-05 
1.220000e+01 2.500001e-05 
1.230000e+01 2.500001e-05 
1.240000e+01 2.500001e-05 
1.250000e+01 2.500001e-05 
1.260000e+01 2.500001e-05 
1.270000e+01 2.500001e-05 
1.280000e+01 2.500001e-05 
1.290000e+01 2.500001e-05 
1.300000e+01 2.500001e-05 
1.310000e+01 2.500001e-05 
1.320000e+01 2.500001e-05 
1.330000e+01 2.500001e-05 
1.340000e+01 2.500001e-05 
1.350000e+01 2.500001e-05 
1.360000e+01 2.500001e-05 
1.370000e+01 2.500001e-05 
1.380000e+01 2.500001e-05 
1.390000e+01 2.500001e-05 
1.400000e+01 2.500001e-05 
1.410000e+01 2.500001e-05 
1.420000e+01 2.500001e-05 
1.430000e+01 2.500001e-05 
1.440000e+01 2.500001e-05 
1.450000e+01 2.500001e-05 
1.460000e+01 2.500001e-05 
1.470000e+01 2.500001e-05 
1.480000e+01 2.500001e-05 
1.490000e+01 2.500001e-05 
1.500000e+01 2.500001e-05 
1.510000e+01 2.500001e-05 
1.520000e+01 2.500002e-05 
1.530000e+01 2.500002e-05 
1.540000e+01 2.500002e-05 
1.550000e+01 2.500002e-05 
1.560000e+01 2.500002e-05 
1.570000e+01 2.500002e-05 
1.580000e+01 2.500002e-05 
1.590000e+01 2.500002e-05 
1.600000e+01 2.500002e-05 
1.610000e+01 2.500002e-05 
1.620000e+01 2.500002e-05 
1.630000e+01 2.500002e-05 
1.640000e+01 2.500002e-05 
1.650000e+01 2.500002e-05 
1.660000e+01 2.500002e-05 
1.670000e+01 2.500002e-05 
1.680000e+01 2.500002e-05 
1.690000e+01 2.500002e-05 
1.700000e+01 2.500002e-05 
1.710000e+01 2.500002e-05 
1.720000e+01 2.500002e-05 
1.730000e+01 2.500002e-05 
1.740000e+01 2.500002e-05 
1.750000e+01 2.500002e-05 
1.760000e+01 2.500002e-05 
1.770000e+01 2.500002e-05 
1.780000e+01 2.500002e-05 
1.790000e+01 2.500002e-05 
1.800000e+01 2.500002e-05 
1.810000e+01 2.500002e-05 
1.820000e+01 2.500002e-05 
1.830000e+01 2.500002e-05 
1.840000e+01 2.500002e-05 
1.850000e+01 2.500002e-05 
1.860000e+01 2.500002e-05 
1.870000e+01 2.500002e-05 
1.880000e+01 2.500002e-05 
1.890000e+01 2.500002e-05 
1.900000e+01 2.500002e-05 
1.910000e+01 2.500002e-05 
1.920000e+01 2.500002e-05 
1.930000e+01 2.500002e-05 
1.940000e+01 2.500002e-05 
1.950000e+01 2.500002e-05 
1.960000e+01 2.500002e-05 
1.970000e+01 2.500002e-05 
1.980000e+01 2.500002e-05 
1.990000e+01 2.500002e-05 
2.000000e+01 2.500002e-05 
2.010000e+01 2.500002e-05 
2.020000e+01 2.500002e-05 
2.030000e+01 2.500002e-05 
2.040000e+01 2.500002e-05 
2.050000e+01 2.500002e-05 
2.060000e+01 2.500002e-05 
2.070000e+01 2.500002e-05 
2.080000e+01 2.500002e-05 
2.090000e+01 2.500002e-05 
2.100000e+01 2.500002e-05 
2.110000e+01 2.500002e-05 
2.120000e+01 2.500002e-05 
2.130000e+01 2.500002e-05 
2.140000e+01 2.500002e-05 
2.150000e+01 2.500002e-05 
2.160000e+01 2.500002e-05 
2.170000e+01 2.500002e-05 
2.180000e+01 2.500002e-05 
2.190000e+01 2.500002e-05 
2.200000e+01 2.500002e-05 
2.210000e+01 2.500002e-05 
2.220000e+01 2.500002e-05 
2.230000e+01 2.500002e-05 
2.240000e+01 2.500002e-05 
2.250000e+01 2.500002e-05 
2.260000e+01 2.500002e-05 
2.270000e+01 2.500002e-05 
2.280000e+01 2.500002e-05 
2.290000e+01 2.500002e-05 
2.300000e+01 2.500002e-05 
2.310000e+01 2.500002e-05 
2.320000e+01 2.500002e-05 
2.330000e+01 2.500002e-05 
2.340000e+01 2.500002e-05 
2.350000e+01 2.500002e-05 
2.360000e+01 2.500002e-05 
2.370000e+01 2.500002e-05 
2.380000e+01 2.500002e-05 
2.390000e+01 2.500002e-05 
2.400000e+01 2.500002e-05 
2.410000e+01 2.500002e-05 
2.420000e+01 2.500002e-05 
2.430000e+01 2.500002e-05 
2.440000e+01 2.500002e-05 
2.450000e+01 2.500002e-05 
2.460000e+01 2.500002e-05 
2.470000e+01 2.500002e-05 
2.480000e+01 2.500002e-05 
2.490000e+01 2.500002e-05 
2.500000e+01 2.500002e-05 
2.510000e+01 2.500003e-05 
2.520000e+01 2.500003e-05 
2.530000e+01 2.500003e-05 
2.540000e+01 2.500003e-05 
2.550000e+01 2.500003e-05 
2.560000e+01 2.500003e-05 
2.570000e+01 2.500003e-05 
2.580000e+01 2.500003e-05 
2.590000e+01 2.500003e-05 
2.600000e+01 2.500003e-05 
2.610000e+01 2.500003e-05 
2.620000e+01 2.500003e-05 
2.630000e+01 2.500003e-05 
2.640000e+01 2.500003e-05 
2.650000e+01 2.500003e-05 
2.660000e+01 2.500003e-05 
2.670000e+01 2.500003e-05 
2.680000e+01 2.500003e-05 
2.690000e+01 2.500003e-05 
2.700000e+01 2.500003e-05 
2.710000e+01 2.500003e-05 
2.720000e+01 2.500003e-05 
2.730000e+01 2.500003e-05 
2.740000e+01 2.500003e-05 
2.750000e+01 2.500003e-05 
2.760000e+01 2.500003e-05 
2.770000e+01 2.500003e-05 
2.780000e+01 2.500003e-05 
2.790000e+01 2.500003e-05 
2.800000e+01 2.500003e-05 
2.810000e+01 2.500003e-05 
2.820000e+01 2.500003e-05 
2.830000e+01 2.500003e-05 
2.840000e+01 2.500003e-05 
2.850000e+01 2.500003e-05 
2.860000e+01 2.500003e-05 
2.870000e+01 2.500003e-05 
2.880000e+01 2.500003e-05 
2.890000e+01 2.500003e-05 
2.900000e+01 2.500003e-05 
2.910000e+01 2.500003e-05 
2.920000e+01 2.500003e-05 
2.930000e+01 2.500003e-05 
2.940000e+01 2.500003e-05 
2.950000e+01 2.500003e-05 
2.960000e+01 2.500003e-05 
2.970000e+01 2.500003e-05 
2.980000e+01 2.500003e-05 
2.990000e+01 2.500003e-05 
3.000000e+01 2.500003e-05 
3.010000e+01 2.500003e-05 
3.020000e+01 2.500003e-05 
3.030000e+01 2.500003e-05 
3.040000e+01 2.500003e-05 
3.050000e+01 2.500003e-05 
3.060000e+01 2.500003e-05 
3.070000e+01 2.500003e-05 
3.080000e+01 2.500003e-05 
3.090000e+01 2.500003e-05 
3.100000e+01 2.500003e-05 
3.110000e+01 2.500003e-05 
3.120000e+01 2.500003e-05 
3.130000e+01 2.500003e-05 
3.140000e+01 2.500003e-05 
3.150000e+01 2.500003e-05 
3.160000e+01 2.500003e-05 
3.170000e+01 2.500003e-05 
3.180000e+01 2.500003e-05 
3.190000e+01 2.500003e-05 
3.200000e+01 2.500003e-05 
3.210000e+01 2.500003e-05 
3.220000e+01 2.500003e-05 
3.230000e+01 2.500003e-05 
3.240000e+01 2.500003e-05 
3.250000e+01 2.500003e-05 
3.260000e+01 2.500003e-05 
3.270000e+01 2.500003e-05 
3.280000e+01 2.500003e-05 
3.290000e+01 2.500003e-05 
3.300000e+01 2.500003e-05 
3.310000e+01 2.500003e-05 
3.320000e+01 2.500003e-05 
3.330000e+01 2.500003e-05 
3.340000e+01 2.500003e-05 
3.350000e+01 2.500003e-05 
3.360000e+01 2.500003e-05 
3.370000e+01 2.500003e-05 
3.380000e+01 2.500003e-05 
3.390000e+01 2.500003e-05 
3.400000e+01 2.500003e-05 
3.410000e+01 2.500003e-05 
3.420000e+01 2.500003e-05 
3.430000e+01 2.500003e-05 
3.440000e+01 2.500003e-05 
3.450000e+01 2.500003e-05 
3.460000e+01 2.500003e-05 
3.470000e+01 2.500003e-05 
3.480000e+01 2.500003e-05 
3.490000e+01 2.500003e-05 
3.500000e+01 2.500003e-05 
3.510000e+01 2.500004e-05 
3.520000e+01 2.500004e-05 
3.530000e+01 2.500004e-05 
3.540000e+01 2.500004e-05 
3.550000e+01 2.500004e-05 
3.560000e+01 2.500004e-05 
3.570000e+01 2.500004e-05 
3.580000e+01 2.500004e-05 
3.590000e+01 2.500004e-05 
3.600000e+01 2.500004e-05 
3.610000e+01 2.500004e-05 
3.620000e+01 2.500004e-05 
3.630000e+01 2.500004e-05 
3.640000e+01 2.500004e-05 
3.650000e+01 2.500004e-05 
3.660000e+01 2.500004e-05 
3.670000e+01 2.500004e-05 
3.680000e+01 2.500004e-05 
3.690000e+01 2.500004e-05 
3.700000e+01 2.500004e-05 
3.710000e+01 2.500004e-05 
3.720000e+01 2.500004e-05 
3.730000e+01 2.500004e-05 
3.740000e+01 2.500004e-05 
3.750000e+01 2.500004e-05 
3.760000e+01 2.500004e-05 
3.770000e+01 2.500004e-05 
3.780000e+01 2.500004e-05 
3.790000e+01 2.500004e-05 
3.800000e+01 2.500004e-05 
3.810000e+01 2.500004e-05 
3.820000e+01 2.500004e-05 
3.830000e+01 2.500004e-05 
3.840000e+01 2.500004e-05 
3.850000e+01 2.500004e-05 
3.860000e+01 2.500004e-05 
3.870000e+01 2.500004e-05 
3.880000e+01 2.500004e-05 
3.890000e+01 2.500004e-05 
3.900000e+01 2.500004e-05 
3.910000e+01 2.500004e-05 
3.920000e+01 2.500004e-05 
3.930000e+01 2.500004e-05 
3.940000e+01 2.500004e-05 
3.950000e+01 2.500004e-05 
3.960000e+01 2.500004e-05 
3.970000e+01 2.500004e-05 
3.980000e+01 2.500004e-05 
3.990000e+01 2.500004e-05 

0.000000e+00 -1.502667e-28 
1.000000e-01 1.023079e-01 
2.000000e-01 1.905480e-01 
3.000000e-01 2.628703e-01 
4.000000e-01 3.169809e-01 
5.000000e-01 3.499641e-01 
6.000000e-01 3.585914e-01 
7.000000e-01 3.585914e-01 
8.000000e-01 3.585914e-01 
9.000000e-01 3.585914e-01 
1.000000e+00 3.585914e-01 
1.100000e+00 3.585914e-01 
1.200000e+00 3.585914e-01 
1.300000e+00 3.585914e-01 
1.400000e+00 3.585914e-01 
1.500000e+00 3.585914e-01 
1.600000e+00 3.585914e-01 
1.700000e+00 3.585914e-01 
1.800000e+00 3.585914e-01 
1.900000e+00 3.585914e-01 
2.000000e+00 3.585914e-01 
2.100000e+00 3.585914e-01 
2.200000e+00 3.585914e-01 
2.300000e+00 3.585914e-01 
2.400000e+00 3.585914e-01 
2.500000e+00 3.585914e-01 
2.600000e+00 3.585914e-01 
2.700000e+00 3.585914e-01 
2.800000e+00 3.585914e-01 
2.900000e+00 3.585914e-01 
3.000000e+00 3.585914e-01 
3.100000e+00 3.585914e-01 
3.200000e+00 3.585914e-01 
3.300000e+00 3.585914e-01 
3.400000e+00 3.585914e-01 
3.500000e+00 3.585914e-01 
3.600000e+00 3.585914e-01 
3.700000e+00 3.585914e-01 
3.800000e+00 3.585914e-01 
3.900000e+00 3.585914e-01 
4.000000e+00 3.585914e-01 
4.100000e+00 3.585914e-01 
4.200000e+00 3.585914e-01 
4.300000e+00 3.585914e-01 
4.400000e+00 3.585914e-01 
4.500000e+00 3.585914e-01 
4.600000e+00 3.585914e-01 
4.700000e+00 3.585914e-01 
4.800000e+00 3.585914e-01 
4.900000e+00 3.585914e-01 
5.000000e+00 3.585914e-01 
5.100000e+00 3.585914e-01 
5.200000e+00 3.585914e-01 
5.300000e+00 3.585914e-01 
5.400000e+00 3.585914e-01 
5.500000e+00 3.585914e-01 
5.600000e+00 3.585914e-01 
5.700000e+00 3.585914e-01 
5.800000e+00 3.585914e-01 
5.900000e+00 3.585914e-01 
6.000000e+00 3.585914e-01 
6.100000e+00 3.585914e-01 
6.200000e+00 3.585914e-01 
6.300000e+00 3.585914e-01 
6.400000e+00 3.585914e-01 
6.500000e+00 3.585914e-01 
6.600000e+00 3.585914e-01 
6.700000e+00 3.585914e-01 
6.800000e+00 3.585914e-01 
6.900000e+00 3.585914e-01 
7.000000e+00 3.585914e-01 
7.100000e+00 3.585914e-01 
7.200000e+00 3.585914e-01 
7.300000e+00 3.585914e-01 
7.400000e+00 3.585914e-01 
7.500000e+00 3.585914e-01 
7.600000e+00 3.585914e-01 
7.700000e+00 3.585914e-01 
7.800000e+00 3.585914e-01 
7.900000e+00 3.585914e-01 
8.000000e+00 3.585914e-01 
8.100000e+00 3.585914e-01 
8.200000e+00 3.585914e-01 
8.300000e+00 3.585914e-01 
8.400000e+00 3.585914e-01 
8.500000e+00 3.585914e-01 
8.600000e+00 3.585914e-01 
8.700000e+00 3.585914e-01 
8.800000e+00 3.585914e-01 
8.900000e+00 3.585914e-01 
9.000000e+00 3.585914e-01 
9.100000e+00 3.585914e-01 
9.200000e+00 3.585914e-01 
9.300000e+00 3.585914e-01 
9.400000e+00 3.585914e-01 
9.500000e+00 3.585914e-01 
9.600000e+00 3.585914e-01 
9.700000e+00 3.585914e-01 
9.800000e+00 3.585914e-01 
9.900000e+00 3.585914e-01 
1.000000e+01 3.585914e-01 
1.010000e+01 3.585914e-01 
1.020000e+01 3.585914e-01 
1.030000e+01 3.585914e-01 
1.040000e+01 3.585914e-01 
1.050000e+01 3.585914e-01 
1.060000e+01 3.585914e-01 
1.070000e+01 3.585914e-01 
1.080000e+01 3.585914e-01 
1.090000e+01 3.585914e-01 
1.100000e+01 3.585914e-01 
1.110000e+01 3.585914e-01 
1.120000e+01 3.585914e-01 
1.130000e+01 3.585914e-01 
1.140000e+01 3.585914e-01 
1.150000e+01 3.585914e-01 
1.160000e+01 3.585914e-01 
1.170000e+01 3.585914e-01 
1.180000e+01 3.585914e-01 
1.190000e+01 3.585914e-01 
1.200000e+01 3.585914e-01 
1.210000e+01 3.585914e-01 
1.220000e+01 3.585914e-01 
1.230000e+01 3.585914e-01 
1.240000e+01 3.585914e-01 
1.250000e+01 3.585914e-01 
1.260000e+01 3.585914e-01 
1.270000e+01 3.585914e-01 
1.280000e+01 3.585914e-01 
1.290000e+01 3.585914e-01 
1.300000e+01 3.585914e-01 
1.310000e+01 3.585914e-01 
1.320000e+01 3.585914e-01 
1.330000e+01 3.585914e-01 
1.340000e+01 3.585914e-01 
1.350000e+01 3.585914e-01 
1.360000e+01 3.585914e-01 
1.370000e+01 3.585914e-01 
1.380000e+01 3.585914e-01 
1.390000e+01 3.585914e-01 
1.400000e+01 3.585914e-01 
1.410000e+01 3.585914e-01 
1.420000e+01 3.585914e-01 
1.430000e+01 3.585914e-01 
1.440000e+01 3.585914e-01 
1.450000e+01 3.585914e-01 
1.460000e+01 3.585914e-01 
1.470000e+01 3.585914e-01 
1.480000e+01 3.585914e-01 
1.490000e+01 3.585914e-01 
1.500000e+01 3.585914e-01 
1.510000e+01 3.585914e-01 
1.520000e+01 3.585914e-01 
1.530000e+01 3.585914e-01 
1.540000e+01 3.585914e-01 
1.550000e+01 3.585914e-01 
1.560000e+01 3.585914e-01 
1.570000e+01 3.585914e-01 
1.580000e+01 3.585914e-01 
1.590000e+01 3.585914e-01 
1.600000e+01 3.585914e-01 
1.610000e+01 3.585914e-01 
1.620000e+01 3.585914e-01 
1.630000e+01 3.585914e-01 
1.640000e+01 3.585914e-01 
1.650000e+01 3.585914e-01 
1.660000e+01 3.585914e-01 
1.670000e+01 3.585914e-01 
1.680000e+01 3.585914e-01 
1.690000e+01 3.585914e-01 
1.700000e+01 3.585914e-01 
1.710000e+01 3.585914e-01 
1.720000e+01 3.585914e-01 
1.730000e+01 3.585914e-01 
1.740000e+01 3.585914e-01 
1.750000e+01 3.585914e-01 
1.760000e+01 3.585914e-01 
1.770000e+01 3.585914e-01 
1.780000e+01 3.585914e-01 
1.790000e+01 3.585914e-01 
1.800000e+01 3.585914e-01 
1.810000e+01 3.585914e-01 
1.820000e+01 3.585914e-01 
1.830000e+01 3.585914e-01 
1.840000e+01 3.585914e-01 
1.850000e+01 3.585914e-01 
1.860000e+01 3.585914e-01 
1.870000e+01 3.585914e-01 
1.880000e+01 3.585914e-01 
1.890000e+01 3.585914e-01 
1.900000e+01 3.585914e-01 
1.910000e+01 3.585914e-01 
1.920000e+01 3.585914e-01 
1.930000e+01 3.585914e-01 
1.940000e+01 3.585914e-01 
1.950000e+01 3.585914e-01 
1.960000e+01 3.585914e-01 
1.970000e+01 3.585914e-01 
1.980000e+01 3.585914e-01 
1.990000e+01 3.585914e-01 
2.000000e+01 3.585914e-01 
2.010000e+01 3.585914e-01 
2.020000e+01 3.585914e-01 
2.030000e+01 3.585914e-01 
2.040000e+01 3.585914e-01 
2.050000e+01 3.585914e-01 
2.060000e+01 3.585914e-01 
2.070000e+01 3.585914e-01 
2.080000e+01 3.585914e-01 
2.090000e+01 3.585914e-01 
2.100000e+01 3.585914e-01 
2.110000e+01 3.585914e-01 
2.120000e+01 3.585914e-01 
2.130000e+01 3.585914e-01 
2.140000e+01 3.585914e-01 
2.150000e+01 3.585914e-01 
2.160000e+01 3.585914e-01 
2.170000e+01 3.585914e-01 
2.180000e+01 3.585914e-01 
2.190000e+01 3.585914e-01 
2.200000e+01 3.585914e-01 
2.210000e+01 3.585914e-01 
2.220000e+01 3.585914e-01 
2.230000e+01 3.585914e-01 
2.240000e+01 3.585914e-01 
2.250000e+01 3.585914e-01 
2.260000e+01 3.585914e-01 
2.270000e+01 3.585914e-01 
2.280000e+01 3.585914e-01 
2.290000e+01 3.585914e-01 
2.300000e+01 3.585914e-01 
2.310000e+01 3.585914e-01 
2.320000e+01 3.585914e-01 
2.330000e+01 3.585914e-01 
2.340000e+01 3.585914e-01 
2.350000e+01 3.585914e-01 
2.360000e+01 3.585914e-01 
2.370000e+01 3.585914e-01 
2.380000e+01 3.585914e-01 
2.390000e+01 3.585914e-01 
2.400000e+01 3.585914e-01 
2.410000e+01 3.585914e-01 
2.420000e+01 3.585914e-01 
2.430000e+01 3.585914e-01 
2.440000e+01 3.585914e-01 
2.450000e+01 3.585914e-01 
2.460000e+01 3.585914e-01 
2.470000e+01 3.585914e-01 
2.480000e+01 3.585914e-01 
2.490000e+01 3.585914e-01 
2.500000e+01 3.585914e-01 
2.510000e+01 3.585914e-01 
2.520000e+01 3.585914e-01 
2.530000e+01 3.585914e-01 
2.540000e+01 3.585914e-01 
2.550000e+01 3.585914e-01 
2.560000e+01 3.585914e-01 
2.570000e+01 3.585914e-01 
2.580000e+01 3.585914e-01 
2.590000e+01 3.585914e-01 
2.600000e+01 3.585914e-01 
2.610000e+01 3.585914e-01 
2.620000e+01 3.585914e-01 
2.630000e+01 3.585914e-01 
2.640000e+01 3.585914e-01 
2.650000e+01 3.585914e-01 
2.660000e+01 3.585914e-01 
2.670000e+01 3.585914e-01 
2.680000e+01 3.585914e-01 
2.690000e+01 3.585914e-01 
2.700000e+01 3.585914e-01 
2.710000e+01 3.585914e-01 
2.720000e+01 3.585914e-01 
2.730000e+01 3.585914e-01 
2.740000e+01 3.585914e-01 
2.750000e+01 3.585914e-01 
2.760000e+01 3.585914e-01 
2.770000e+01 3.585914e-01 
2.780000e+01 3.585914e-01 
2.790000e+01 3.585914e-01 
2.800000e+01 3.585914e-01 
2.810000e+01 3.585914e-01 
2.820000e+01 3.585914e-01 
2.830000e+01 3.585914e-01 
2.840000e+01 3.585914e-01 
2.850000e+01 3.585914e-01 
2.860000e+01 3.585914e-01 
2.870000e+01 3.585914e-01 
2.880000e+01 3.585914e-01 
2.890000e+01 3.585914e-01 
2.900000e+01 3.585914e-01 
2.910000e+01 3.585914e-01 
2.920000e+01 3.585914e-01 
2.930000e+01 3.585914e-01 
2.940000e+01 3.585914e-01 
2.950000e+01 3.585914e-01 
2.960000e+01 3.585914e-01 
2.970000e+01 3.585914e-01 
2.980000e+01 3.585914e-01 
2.990000e+01 3.585914e-01 
3.000000e+01 3.585914e-01 
3.010000e+01 3.585914e-01 
3.020000e+01 3.585914e-01 
3.030000e+01 3.585914e-01 
3.040000e+01 3.585914e-01 
3.050000e+01 3.585914e-01 
3.060000e+01 3.585914e-01 
3.070000e+01 3.585914e-01 
3.080000e+01 3.585914e-01 
3.090000e+01 3.585914e-01 
3.100000e+01 3.585914e-01 
3.110000e+01 3.585914e-01 
3.120000e+01 3.585914e-01 
3.130000e+01 3.585914e-01 
3.140000e+01 3.585914e-01 
3.150000e+01 3.585914e-01 
3.160000e+01 3.585914e-01 
3.170000e+01 3.585914e-01 
3.180000e+01 3.585914e-01 
3.190000e+01 3.585914e-01 
3.200000e+01 3.585914e-01 
3.210000e+01 3.585914e-01 
3.220000e+01 3.585914e-01 
3.230000e+01 3.585914e-01 
3.240000e+01 3.585914e-01 
3.250000e+01 3.585914e-01 
3.260000e+01 3.585914e-01 
3.270000e+01 3.585914e-01 
3.280000e+01 3.585914e-01 
3.290000e+01 3.585914e-01 
3.300000e+01 3.585914e-01 
3.310000e+01 3.585914e-01 
3.320000e+01 3.585914e-01 
3.330000e+01 3.585914e-01 
3.340000e+01 3.585914e-01 
3.350000e+01 3.585914e-01 
3.360000e+01 3.585914e-01 
3.370000e+01 3.585914e-01 
3.380000e+01 3.585914e-01 
3.390000e+01 3.585914e-01 
3.400000e+01 3.585914e-01 
3.410000e+01 3.585914e-01 
3.420000e+01 3.585914e-01 
3.430000e+01 3.585914e-01 
3.440000e+01 3.585914e-01 
3.450000e+01 3.585914e-01 
3.460000e+01 3.585914e-01 
3.470000e+01 3.585914e-01 
3.480000e+01 3.585914e-01 
3.490000e+01 3.585914e-01 
3.500000e+01 3.585914e-01 
3.510000e+01 3.585914e-01 
3.520000e+01 3.585914e-01 
3.530000e+01 3.585914e-01 
3.540000e+01 3.585914e-01 
3.550000e+01 3.585914e-01 
3.560000e+01 3.585914e-01 
3.570000e+01 3.585914e-01 
3.580000e+01 3.585914e-01 
3.590000e+01 3.585914e-01 
3.600000e+01 3.585914e-01 
3.610000e+01 3.585914e-01 
3.620000e+01 3.585914e-01 
3.630000e+01 3.585914e-01 
3.640000e+01 3.585914e-01 
3.650000e+01 3.585914e-01 
3.660000e+01 3.585914e-01 
3.670000e+01 3.585914e-01 
3.680000e+01 3.585914e-01 
3.690000e+01 3.585914e-01 
3.700000e+01 3.585914e-01 
3.710000e+01 3.585914e-01 
3.720000e+01 3.585914e-01 
3.730000e+01 3.585914e-01 
3.740000e+01 3.585914e-01 
3.750000e+01 3.585914e-01 
3.760000e+01 3.585914e-01 
3.770000e+01 3.585914e-01 
3.780000e+01 3.585914e-01 
3.790000e+01 3.585914e-01 
3.800000e+01 3.585914e-01 
3.810000e+01 3.585914e-01 
3.820000e+01 3.585914e-01 
3.830000e+01 3.585914e-01 
3.840000e+01 3.585914e-01 
3.850000e+01 3.585914e-01 
3.860000e+01 3.585914e-01 
3.870000e+01 3.585914e-01 
3.880000e+01 3.585914e-01 
3.890000e+01 3.585914e-01 
3.900000e+01 3.585914e-01 
3.910000e+01 3.585914e-01 
3.920000e+01 3.585914e-01 
3.930000e+01 3.585914e-01 
3.940000e+01 3.585914e-01 
3.950000e+01 3.585914e-01 
3.960000e+01 3.585914e-01 
3.970000e+01 3.585914e-01 
3.980000e+01 3.585914e-01 
3.990000e+01 3.585914e-01 

0.000000e+00 1.842121e-25 
1.000000e-01 1.717549e-01 
2.000000e-01 3.364551e-01 
3.000000e-01 4.935471e-01 
4.000000e-01 6.423913e-01 
5.000000e-01 7.822503e-01 
6.000000e-01 9.122697e-01 
7.000000e-01 1.031450e+00 
8.000000e-01 1.138612e+00 
9.000000e-01 1.232342e+00 
1.000000e+00 1.310930e+00 
1.100000e+00 1.372264e+00 
1.200000e+00 1.413696e+00 
1.300000e+00 1.431819e+00 
1.400000e+00 1.432239e+00 
1.500000e+00 1.432239e+00 
1.600000e+00 1.432239e+00 
1.700000e+00 1.432239e+00 
1.800000e+00 1.432239e+00 
1.900000e+00 1.432239e+00 
2.000000e+00 1.432239e+00 
2.100000e+00 1.432239e+00 
2.200000e+00 1.432239e+00 
2.300000e+00 1.432239e+00 
2.400000e+00 1.432239e+00 
2.500000e+00 1.432239e+00 
2.600000e+00 1.432239e+00 
2.700000e+00 1.432239e+00 
2.800000e+00 1.432239e+00 
2.900000e+00 1.432239e+00 
3.000000e+00 1.432239e+00 
3.100000e+00 1.432239e+00 
3.200000e+00 1.432239e+00 
3.300000e+00 1.432239e+00 
3.400000e+00 1.432239e+00 
3.500000e+00 1.432239e+00 
3.600000e+00 1.432239e+00 
3.700000e+00 1.432239e+00 
3.800000e+00 1.432239e+00 
3.900000e+00 1.432239e+00 
4.000000e+00 1.432239e+00 
4.100000e+00 1.432239e+00 
4.200000e+00 1.432239e+00 
4.300000e+00 1.432239e+00 
4.400000e+00 1.432239e+00 
4.500000e+00 1.432239e+00 
4.600000e+00 1.432239e+00 
4.700000e+00 1.432239e+00 
4.800000e+00 1.432239e+00 
4.900000e+00 1.432239e+00 
5.000000e+00 1.432239e+00 
5.100000e+00 1.432239e+00 
5.200000e+00 1.432239e+00 
5.300000e+00 1.432239e+00 
5.400000e+00 1.432239e+00 
5.500000e+00 1.432239e+00 
5.600000e+00 1.432239e+00 
5.700000e+00 1.432239e+00 
5.800000e+00 1.432239e+00 
5.900000e+00 1.432239e+00 
6.000000e+00 1.432239e+00 
6.100000e+00 1.432239e+00 
6.200000e+00 1.432239e+00 
6.300000e+00 1.432239e+00 
6.400000e+00 1.432239e+00 
6.500000e+00 1.432239e+00 
6.600000e+00 1.432239e+00 
6.700000e+00 1.432239e+00 
6.800000e+00 1.432239e+00 
6.900000e+00 1.432239e+00 
7.000000e+00 1.432239e+00 
7.100000e+00 1.432239e+00 
7.200000e+00 1.432239e+00 
7.300000e+00 1.432239e+00 
7.400000e+00 1.432239e+00 
7.500000e+00 1.432239e+00 
7.600000e+00 1.432239e+00 
7.700000e+00 1.432239e+00 
7.800000e+00 1.432239e+00 
7.900000e+00 1.432239e+00 
8.000000e+00 1.432239e+00 
8.100000e+00 1.432239e+00 
8.200000e+00 1.432239e+00 
8.300000e+00 1.432239e+00 
8.400000e+00 1.432239e+00 
8.500000e+00 1.432239e+00 
8.600000e+00 1.432239e+00 
8.700000e+00 1.432239e+00 
8.800000e+00 1.432239e+00 
8.900000e+00 1.432239e+00 
9.000000e+00 1.432239e+00 
9.100000e+00 1.432239e+00 
9.200000e+00 1.432239e+00 
9.300000e+00 1.432239e+00 
9.400000e+00 1.432239e+00 
9.500000e+00 1.432239e+00 
9.600000e+00 1.432239e+00 
9.700000e+00 1.432239e+00 
9.800000e+00 1.432239e+00 
9.900000e+00 1.432239e+00 
1.000000e+01 1.432239e+00 
1.010000e+01 1.432239e+00 
1.020000e+01 1.432239e+00 
1.030000e+01 1.432239e+00 
1.040000e+01 1.432239e+00 
1.050000e+01 1.432239e+00 
1.060000e+01 1.432239e+00 
1.070000e+01 1.432239e+00 
1.080000e+01 1.432239e+00 
1.090000e+01 1.432239e+00 
1.100000e+01 1.432239e+00 
1.110000e+01 1.432239e+00 
1.120000e+01 1.432239e+00 
1.130000e+01 1.432239e+00 
1.140000e+01 1.432239e+00 
1.150000e+01 1.432239e+00 
1.160000e+01 1.432239e+00 
1.170000e+01 1.432239e+00 
1.180000e+01 1.432239e+00 
1.190000e+01 1.432239e+00 
1.200000e+01 1.432239e+00 
1.210000e+01 1.432239e+00 
1.220000e+01 1.432239e+00 
1.230000e+01 1.432239e+00 
1.240000e+01 1.432239e+00 
1.250000e+01 1.432239e+00 
1.260000e+01 1.432239e+00 
1.270000e+01 1.432239e+00 
1.280000e+01 1.432239e+00 
1.290000e+01 1.432239e+00 
1.300000e+01 1.432239e+00 
1.310000e+01 1.432239e+00 
1.320000e+01 1.432239e+00 
1.330000e+01 1.432239e+00 
1.340000e+01 1.432239e+00 
1.350000e+01 1.432239e+00 
1.360000e+01 1.432239e+00 
1.370000e+01 1.432239e+00 
1.380000e+01 1.432239e+00 
1.390000e+01 1.432239e+00 
1.400000e+01 1.432239e+00 
1.410000e+01 1.432239e+00 
1.420000e+01 1.432239e+00 
1.430000e+01 1.432239e+00 
1.440000e+01 1.432239e+00 
1.450000e+01 1.432239e+00 
1.460000e+01 1.432239e+00 
1.470000e+01 1.432239e+00 
1.480000e+01 1.432239e+00 
1.490000e+01 1.432239e+00 
1.500000e+01 1.432239e+00 
1.510000e+01 1.432239e+00 
1.520000e+01 1.432239e+00 
1.530000e+01 1.432239e+00 
1.540000e+01 1.432239e+00 
1.550000e+01 1.432239e+00 
1.560000e+01 1.432239e+00 
1.570000e+01 1.432239e+00 
1.580000e+01 1.432239e+00 
1.590000e+01 1.432239e+00 
1.600000e+01 1.432239e+00 
1.610000e+01 1.432239e+00 
1.620000e+01 1.432239e+00 
1.630000e+01 1.432239e+00 
1.640000e+01 1.432239e+00 
1.650000e+01 1.432239e+00 
1.660000e+01 1.432239e+00 
1.670000e+01 1.432239e+00 
1.680000e+01 1.432239e+00 
1.690000e+01 1.432239e+00 
1.700000e+01 1.432239e+00 
1.710000e+01 1.432239e+00 
1.720000e+01 1.432239e+00 
1.730000e+01 1.432239e+00 
1.740000e+01 1.432239e+00 
1.750000e+01 1.432239e+00 
1.760000e+01 1.432239e+00 
1.770000e+01 1.432239e+00 
1.780000e+01 1.432239e+00 
1.790000e+01 1.432239e+00 
1.800000e+01 1.432239e+00 
1.810000e+01 1.432239e+00 
1.820000e+01 1.432239e+00 
1.830000e+01 1.432239e+00 
1.840000e+01 1.432239e+00 
1.850000e+01 1.432239e+00 
1.860000e+01 1.432239e+00 
1.870000e+01 1.432239e+00 
1.880000e+01 1.432239e+00 
1.890000e+01 1.432239e+00 
1.900000e+01 1.432239e+00 
1.910000e+01 1.432239e+00 
1.920000e+01 1.432239e+00 
1.930000e+01 1.432239e+00 
1.940000e+01 1.432239e+00 
1.950000e+01 1.432239e+00 
1.960000e+01 1.432239e+00 
1.970000e+01 1.432239e+00 
1.980000e+01 1.432239e+00 
1.990000e+01 1.432239e+00 
2.000000e+01 1.432239e+00 
2.010000e+01 1.432239e+00 
2.020000e+01 1.432239e+00 
2.030000e+01 1.432239e+00 
2.040000e+01 1.432239e+00 
2.050000e+01 1.432239e+00 
2.060000e+01 1.432239e+00 
2.070000e+01 1.432239e+00 
2.080000e+01 1.432239e+00 
2.090000e+01 1.432239e+00 
2.100000e+01 1.432239e+00 
2.110000e+01 1.432239e+00 
2.120000e+01 1.432239e+00 
2.130000e+01 1.432239e+00 
2.140000e+01 1.432239e+00 
2.150000e+01 1.432239e+00 
2.160000e+01 1.432239e+00 
2.170000e+01 1.432239e+00 
2.180000e+01 1.432239e+00 
2.190000e+01 1.432239e+00 
2.200000e+01 1.432239e+00 
2.210000e+01 1.432239e+00 
2.220000e+01 1.432239e+00 
2.230000e+01 1.432239e+00 
2.240000e+01 1.432239e+00 
2.250000e+01 1.432239e+00 
2.260000e+01 1.432239e+00 
2.270000e+01 1.432239e+00 
2.280000e+01 1.432239e+00 
2.290000e+01 1.432239e+00 
2.300000e+01 1.432239e+00 
2.310000e+01 1.432239e+00 
2.320000e+01 1.432239e+00 
2.330000e+01 1.432239e+00 
2.340000e+01 1.432239e+00 
2.350000e+01 1.432239e+00 
2.360000e+01 1.432239e+00 
2.370000e+01 1.432239e+00 
2.380000e+01 1.432239e+00 
2.390000e+01 1.432239e+00 
2.400000e+01 1.432239e+00 
2.410000e+01 1.432239e+00 
2.420000e+01 1.432239e+00 
2.430000e+01 1.432239e+00 
2.440000e+01 1.432239e+00 
2.450000e+01 1.432239e+00 
2.460000e+01 1.432239e+00 
2.470000e+01 1.432239e+00 
2.480000e+01 1.432239e+00 
2.490000e+01 1.432239e+00 
2.500000e+01 1.432239e+00 
2.510000e+01 1.432239e+00 
2.520000e+01 1.432239e+00 
2.530000e+01 1.432239e+00 
2.540000e+01 1.432239e+00 
2.550000e+01 1.432239e+00 
2.560000e+01 1.432239e+00 
2.570000e+01 1.432239e+00 
2.580000e+01 1.432239e+00 
2.590000e+01 1.432239e+00 
2.600000e+01 1.432239e+00 
2.610000e+01 1.432239e+00 
2.620000e+01 1.432239e+00 
2.630000e+01 1.432239e+00 
2.640000e+01 1.432239e+00 
2.650000e+01 1.432239e+00 
2.660000e+01 1.432239e+00 
2.670000e+01 1.432239e+00 
2.680000e+01 1.432239e+00 
2.690000e+01 1.432239e+00 
2.700000e+01 1.432239e+00 
2.710000e+01 1.432239e+00 
2.720000e+01 1.432239e+00 
2.730000e+01 1.432239e+00 
2.740000e+01 1.432239e+00 
2.750000e+01 1.432239e+00 
2.760000e+01 1.432239e+00 
2.770000e+01 1.432239e+00 
2.780000e+01 1.432239e+00 
2.790000e+01 1.432239e+00 
2.800000e+01 1.432239e+00 
2.810000e+01 1.432239e+00 
2.820000e+01 1.432239e+00 
2.830000e+01 1.432239e+00 
2.840000e+01 1.432239e+00 
2.850000e+01 1.432239e+00 
2.860000e+01 1.432239e+00 
2.870000e+01 1.432239e+00 
2.880000e+01 1.432239e+00 
2.890000e+01 1.432239e+00 
2.900000e+01 1.432239e+00 
2.910000e+01 1.432239e+00 
2.920000e+01 1.432239e+00 
2.930000e+01 1.432239e+00 
2.940000e+01 1.432239e+00 
2.950000e+01 1.432239e+00 
2.960000e+01 1.432239e+00 
2.970000e+01 1.432239e+00 
2.980000e+01 1.432239e+00 
2.990000e+01 1.432239e+00 
3.000000e+01 1.432239e+00 
3.010000e+01 1.432239e+00 
3.020000e+01 1.432239e+00 
3.030000e+01 1.432239e+00 
3.040000e+01 1.432239e+00 
3.050000e+01 1.432239e+00 
3.060000e+01 1.432239e+00 
3.070000e+01 1.432239e+00 
3.080000e+01 1.432239e+00 
3.090000e+01 1.432239e+00 
3.100000e+01 1.432239e+00 
3.110000e+01 1.432239e+00 
3.120000e+01 1.432239e+00 
3.130000e+01 1.432239e+00 
3.140000e+01 1.432239e+00 
3.150000e+01 1.432239e+00 
3.160000e+01 1.432239e+00 
3.170000e+01 1.432239e+00 
3.180000e+01 1.432239e+00 
3.190000e+01 1.432239e+00 
3.200000e+01 1.432239e+00 
3.210000e+01 1.432239e+00 
3.220000e+01 1.432239e+00 
3.230000e+01 1.432239e+00 
3.240000e+01 1.432239e+00 
3.250000e+01 1.432239e+00 
3.260000e+01 1.432239e+00 
3.270000e+01 1.432239e+00 
3.280000e+01 1.432239e+00 
3.290000e+01 1.432239e+00 
3.300000e+01 1.432239e+00 
3.310000e+01 1.432239e+00 
3.320000e+01 1.432239e+00 
3.330000e+01 1.432239e+00 
3.340000e+01 1.432239e+00 
3.350000e+01 1.432239e+00 
3.360000e+01 1.432239e+00 
3.370000e+01 1.432239e+00 
3.380000e+01 1.432239e+00 
3.390000e+01 1.432239e+00 
3.400000e+01 1.432239e+00 
3.410000e+01 1.432239e+00 
3.420000e+01 1.432239e+00 
3.430000e+01 1.432239e+00 
3.440000e+01 1.432239e+00 
3.450000e+01 1.432239e+00 
3.460000e+01 1.432239e+00 
3.470000e+01 1.432239e+00 
3.480000e+01 1.432239e+00 
3.490000e+01 1.432239e+00 
3.500000e+01 1.432239e+00 
3.510000e+01 1.432239e+00 
3.520000e+01 1.432239e+00 
3.530000e+01 1.432239e+00 
3.540000e+01 1.432239e+00 
3.550000e+01 1.432239e+00 
3.560000e+01 1.432239e+00 
3.570000e+01 1.432239e+00 
3.580000e+01 1.432239e+00 
3.590000e+01 1.432239e+00 
3.600000e+01 1.432239e+00 
3.610000e+01 1.432239e+00 
3.620000e+01 1.432239e+00 
3.630000e+01 1.432239e+00 
3.640000e+01 1.432239e+00 
3.650000e+01 1.432239e+00 
3.660000e+01 1.432239e+00 
3.670000e+01 1.432239e+00 
3.680000e+01 1.432239e+00 
3.690000e+01 1.432239e+00 
3.700000e+01 1.432239e+00 
3.710000e+01 1.432239e+00 
3.720000e+01 1.432239e+00 
3.730000e+01 1.432239e+00 
3.740000e+01 1.432239e+00 
3.750000e+01 1.432239e+00 
3.760000e+01 1.432239e+00 
3.770000e+01 1.432239e+00 
3.780000e+01 1.432239e+00 
3.790000e+01 1.432239e+00 
3.800000e+01 1.432239e+00 
3.810000e+01 1.432239e+00 
3.820000e+01 1.432239e+00 
3.830000e+01 1.432239e+00 
3.840000e+01 1.432239e+00 
3.850000e+01 1.432239e+00 
3.860000e+01 1.432239e+00 
3.870000e+01 1.432239e+00 
3.880000e+01 1.432239e+00 
3.890000e+01 1.432239e+00 
3.900000e+01 1.432239e+00 
3.910000e+01 1.432239e+00 
3.920000e+01 1.432239e+00 
3.930000e+01 1.432239e+00 
3.940000e+01 1.432239e+00 
3.950000e+01 1.432239e+00 
3.960000e+01 1.432239e+00 
3.970000e+01 1.432239e+00 
3.980000e+01 1.432239e+00 
3.990000e+01 1.432239e+00 

0.000000e+00 -2.681383e-28 
1.000000e-01 2.177925e-01 
2.000000e-01 4.315318e-01 
3.000000e-01 6.410068e-01 
4.000000e-01 8.459801e-01 
5.000000e-01 1.046190e+00 
6.000000e-01 1.241347e+00 
7.000000e-01 1.431132e+00 
8.000000e-01 1.615193e+00 
9.000000e-01 1.793133e+00 
1.000000e+00 1.964510e+00 
1.100000e+00 2.128826e+00 
1.200000e+00 2.285517e+00 
1.300000e+00 2.433937e+00 
1.400000e+00 2.573346e+00 
1.500000e+00 2.702887e+00 
1.600000e+00 2.821554e+00 
1.700000e+00 2.928163e+00 
1.800000e+00 3.021293e+00 
1.900000e+00 3.099223e+00 
2.000000e+00 3.159832e+00 
2.100000e+00 3.200450e+00 
2.200000e+00 3.217648e+00 
2.300000e+00 3.217905e+00 
2.400000e+00 3.217905e+00 
2.500000e+00 3.217905e+00 
2.600000e+00 3.217905e+00 
2.700000e+00 3.217905e+00 
2.800000e+00 3.217905e+00 
2.900000e+00 3.217905e+00 
3.000000e+00 3.217905e+00 
3.100000e+00 3.217905e+00 
3.200000e+00 3.217905e+00 
3.300000e+00 3.217905e+00 
3.400000e+00 3.217905e+00 
3.500000e+00 3.217905e+00 
3.600000e+00 3.217905e+00 
3.700000e+00 3.217905e+00 
3.800000e+00 3.217905e+00 
3.900000e+00 3.217905e+00 
4.000000e+00 3.217905e+00 
4.100000e+00 3.217905e+00 
4.200000e+00 3.217905e+00 
4.300000e+00 3.217905e+00 
4.400000e+00 3.217905e+00 
4.500000e+00 3.217905e+00 
4.600000e+00 3.217905e+00 
4.700000e+00 3.217905e+00 
4.800000e+00 3.217905e+00 
4.900000e+00 3.217905e+00 
5.000000e+00 3.217905e+00 
5.100000e+00 3.217905e+00 
5.200000e+00 3.217905e+00 
5.300000e+00 3.217905e+00 
5.400000e+00 3.217905e+00 
5.500000e+00 3.217905e+00 
5.600000e+00 3.217905e+00 
5.700000e+00 3.217905e+00 
5.800000e+00 3.217905e+00 
5.900000e+00 3.217905e+00 
6.000000e+00 3.217905e+00 
6.100000e+00 3.217905e+00 
6.200000e+00 3.217905e+00 
6.300000e+00 3.217905e+00 
6.400000e+00 3.217905e+00 
6.500000e+00 3.217905e+00 
6.600000e+00 3.217905e+00 
6.700000e+00 3.217905e+00 
6.800000e+00 3.217905e+00 
6.900000e+00 3.217905e+00 
7.000000e+00 3.217905e+00 
7.100000e+00 3.217905e+00 
7.200000e+00 3.217905e+00 
7.300000e+00 3.217905e+00 
7.400000e+00 3.217905e+00 
7.500000e+00 3.217905e+00 
7.600000e+00 3.217905e+00 
7.700000e+00 3.217905e+00 
7.800000e+00 3.217905e+00 
7.900000e+00 3.217905e+00 
8.000000e+00 3.217905e+00 
8.100000e+00 3.217905e+00 
8.200000e+00 3.217905e+00 
8.300000e+00 3.217905e+00 
8.400000e+00 3.217905e+00 
8.500000e+00 3.217905e+00 
8.600000e+00 3.217905e+00 
8.700000e+00 3.217905e+00 
8.800000e+00 3.217905e+00 
8.900000e+00 3.217905e+00 
9.000000e+00 3.217905e+00 
9.100000e+00 3.217905e+00 
9.200000e+00 3.217905e+00 
9.300000e+00 3.217905e+00 
9.400000e+00 3.217905e+00 
9.500000e+00 3.217905e+00 
9.600000e+00 3.217905e+00 
9.700000e+00 3.217905e+00 
9.800000e+00 3.217905e+00 
9.900000e+00 3.217905e+00 
1.000000e+01 3.217905e+00 
1.010000e+01 3.217905e+00 
1.020000e+01 3.217905e+00 
1.030000e+01 3.217905e+00 
1.040000e+01 3.217905e+00 
1.050000e+01 3.217905e+00 
1.060000e+01 3.217905e+00 
1.070000e+01 3.217905e+00 
1.080000e+01 3.217905e+00 
1.090000e+01 3.217905e+00 
1.100000e+01 3.217905e+00 
1.110000e+01 3.217905e+00 
1.120000e+01 3.217905e+00 
1.130000e+01 3.217905e+00 
1.140000e+01 3.217905e+00 
1.150000e+01 3.217905e+00 
1.160000e+01 3.217905e+00 
1.170000e+01 3.217905e+00 
1.180000e+01 3.217905e+00 
1.190000e+01 3.217905e+00 
1.200000e+01 3.217905e+00 
1.210000e+01 3.217905e+00 
1.220000e+01 3.217905e+00 
1.230000e+01 3.217905e+00 
1.240000e+01 3.217905e+00 
1.250000e+01 3.217905e+00 
1.260000e+01 3.217905e+00 
1.270000e+01 3.217905e+00 
1.280000e+01 3.217905e+00 
1.290000e+01 3.217905e+00 
1.300000e+01 3.217905e+00 
1.310000e+01 3.217905e+00 
1.320000e+01 3.217905e+00 
1.330000e+01 3.217905e+00 
1.340000e+01 3.217905e+00 
1.350000e+01 3.217905e+00 
1.360000e+01 3.217905e+00 
1.370000e+01 3.217905e+00 
1.380000e+01 3.217905e+00 
1.390000e+01 3.217905e+00 
1.400000e+01 3.217905e+00 
1.410000e+01 3.217905e+00 
1.420000e+01 3.217905e+00 
1.430000e+01 3.217905e+00 
1.440000e+01 3.217905e+00 
1.450000e+01 3.217905e+00 
1.460000e+01 3.217905e+00 
1.470000e+01 3.217905e+00 
1.480000e+01 3.217905e+00 
1.490000e+01 3.217905e+00 
1.500000e+01 3.217905e+00 
1.510000e+01 3.217905e+00 
1.520000e+01 3.217905e+00 
1.530000e+01 3.217905e+00 
1.540000e+01 3.217905e+00 
1.550000e+01 3.217905e+00 
1.560000e+01 3.217905e+00 
1.570000e+01 3.217905e+00 
1.580000e+01 3.217905e+00 
1.590000e+01 3.217905e+00 
1.600000e+01 3.217905e+00 
1.610000e+01 3.217905e+00 
1.620000e+01 3.217905e+00 
1.630000e+01 3.217905e+00 
1.640000e+01 3.217905e+00 
1.650000e+01 3.217905e+00 
1.660000e+01 3.217905e+00 
1.670000e+01 3.217905e+00 
1.680000e+01 3.217905e+00 
1.690000e+01 3.217905e+00 
1.700000e+01 3.217905e+00 
1.710000e+01 3.217905e+00 
1.720000e+01 3.217905e+00 
1.730000e+01 3.217905e+00 
1.740000e+01 3.217905e+00 
1.750000e+01 3.217905e+00 
1.760000e+01 3.217905e+00 
1.770000e+01 3.217905e+00 
1.780000e+01 3.217905e+00 
1.790000e+01 3.217905e+00 
1.800000e+01 3.217905e+00 
1.810000e+01 3.217905e+00 
1.820000e+01 3.217905e+00 
1.830000e+01 3.217905e+00 
1.840000e+01 3.217905e+00 
1.850000e+01 3.217905e+00 
1.860000e+01 3.217905e+00 
1.870000e+01 3.217905e+00 
1.880000e+01 3.217905e+00 
1.890000e+01 3.217905e+00 
1.900000e+01 3.217905e+00 
1.910000e+01 3.217905e+00 
1.920000e+01 3.217905e+00 
1.930000e+01 3.217905e+00 
1.940000e+01 3.217905e+00 
1.950000e+01 3.217905e+00 
1.960000e+01 3.217905e+00 
1.970000e+01 3.217905e+00 
1.980000e+01 3.217905e+00 
1.990000e+01 3.217905e+00 
2.000000e+01 3.217905e+00 
2.010000e+01 3.217905e+00 
2.020000e+01 3.217905e+00 
2.030000e+01 3.217905e+00 
2.040000e+01 3.217905e+00 
2.050000e+01 3.217905e+00 
2.060000e+01 3.217905e+00 
2.070000e+01 3.217905e+00 
2.080000e+01 3.217905e+00 
2.090000e+01 3.217905e+00 
2.100000e+01 3.217905e+00 
2.110000e+01 3.217905e+00 
2.120000e+01 3.217905e+00 
2.130000e+01 3.217905e+00 
2.140000e+01 3.217905e+00 
2.150000e+01 3.217905e+00 
2.160000e+01 3.217905e+00 
2.170000e+01 3.217905e+00 
2.180000e+01 3.217905e+00 
2.190000e+01 3.217905e+00 
2.200000e+01 3.217905e+00 
2.210000e+01 3.217905e+00 
2.220000e+01 3.217905e+00 
2.230000e+01 3.217905e+00 
2.240000e+01 3.217905e+00 
2.250000e+01 3.217905e+00 
2.260000e+01 3.217905e+00 
2.270000e+01 3.217905e+00 
2.280000e+01 3.217905e+00 
2.290000e+01 3.217905e+00 
2.300000e+01 3.217905e+00 
2.310000e+01 3.217905e+00 
2.320000e+01 3.217905e+00 
2.330000e+01 3.217905e+00 
2.340000e+01 3.217905e+00 
2.350000e+01 3.217905e+00 
2.360000e+01 3.217905e+00 
2.370000e+01 3.217905e+00 
2.380000e+01 3.217905e+00 
2.390000e+01 3.217905e+00 
2.400000e+01 3.217905e+00 
2.410000e+01 3.217905e+00 
2.420000e+01 3.217905e+00 
2.430000e+01 3.217905e+00 
2.440000e+01 3.217905e+00 
2.450000e+01 3.217905e+00 
2.460000e+01 3.217905e+00 
2.470000e+01 3.217905e+00 
2.480000e+01 3.217905e+00 
2.490000e+01 3.217905e+00 
2.500000e+01 3.217905e+00 
2.510000e+01 3.217905e+00 
2.520000e+01 3.217905e+00 
2.530000e+01 3.217905e+00 
2.540000e+01 3.217905e+00 
2.550000e+01 3.217905e+00 
2.560000e+01 3.217905e+00 
2.570000e+01 3.217905e+00 
2.580000e+01 3.217905e+00 
2.590000e+01 3.217905e+00 
2.600000e+01 3.217905e+00 
2.610000e+01 3.217905e+00 
2.620000e+01 3.217905e+00 
2.630000e+01 3.217905e+00 
2.640000e+01 3.217905e+00 
2.650000e+01 3.217905e+00 
2.660000e+01 3.217905e+00 
2.670000e+01 3.217905e+00 
2.680000e+01 3.217905e+00 
2.690000e+01 3.217905e+00 
2.700000e+01 3.217905e+00 
2.710000e+01 3.217905e+00 
2.720000e+01 3.217905e+00 
2.730000e+01 3.217905e+00 
2.740000e+01 3.217905e+00 
2.750000e+01 3.217905e+00 
2.760000e+01 3.217905e+00 
2.770000e+01 3.217905e+00 
2.780000e+01 3.217905e+00 
2.790000e+01 3.217905e+00 
2.800000e+01 3.217905e+00 
2.810000e+01 3.217905e+00 
2.820000e+01 3.217905e+00 
2.830000e+01 3.217905e+00 
2.840000e+01 3.217905e+00 
2.850000e+01 3.217905e+00 
2.860000e+01 3.217905e+00 
2.870000e+01 3.217905e+00 
2.880000e+01 3.217905e+00 
2.890000e+01 3.217905e+00 
2.900000e+01 3.217905e+00 
2.910000e+01 3.217905e+00 
2.920000e+01 3.217905e+00 
2.930000e+01 3.217905e+00 
2.940000e+01 3.217905e+00 
2.950000e+01 3.217905e+00 
2.960000e+01 3.217905e+00 
2.970000e+01 3.217905e+00 
2.980000e+01 3.217905e+00 
2.990000e+01 3.217905e+00 
3.000000e+01 3.217905e+00 
3.010000e+01 3.217905e+00 
3.020000e+01 3.217905e+00 
3.030000e+01 3.217905e+00 
3.040000e+01 3.217905e+00 
3.050000e+01 3.217905e+00 
3.060000e+01 3.217905e+00 
3.070000e+01 3.217905e+00 
3.080000e+01 3.217905e+00 
3.090000e+01 3.217905e+00 
3.100000e+01 3.217905e+00 
3.110000e+01 3.217905e+00 
3.120000e+01 3.217905e+00 
3.130000e+01 3.217905e+00 
3.140000e+01 3.217905e+00 
3.150000e+01 3.217905e+00 
3.160000e+01 3.217905e+00 
3.170000e+01 3.217905e+00 
3.180000e+01 3.217905e+00 
3.190000e+01 3.217905e+00 
3.200000e+01 3.217905e+00 
3.210000e+01 3.217905e+00 
3.220000e+01 3.217905e+00 
3.230000e+01 3.217905e+00 
3.240000e+01 3.217905e+00 
3.250000e+01 3.217905e+00 
3.260000e+01 3.217905e+00 
3.270000e+01 3.217905e+00 
3.280000e+01 3.217905e+00 
3.290000e+01 3.217905e+00 
3.300000e+01 3.217905e+00 
3.310000e+01 3.217905e+00 
3.320000e+01 3.217905e+00 
3.330000e+01 3.217905e+00 
3.340000e+01 3.217905e+00 
3.350000e+01 3.217905e+00 
3.360000e+01 3.217905e+00 
3.370000e+01 3.217905e+00 
3.380000e+01 3.217905e+00 
3.390000e+01 3.217905e+00 
3.400000e+01 3.217905e+00 
3.410000e+01 3.217905e+00 
3.420000e+01 3.217905e+00 
3.430000e+01 3.217905e+00 
3.440000e+01 3.217905e+00 
3.450000e+01 3.217905e+00 
3.460000e+01 3.217905e+00 
3.470000e+01 3.217905e+00 
3.480000e+01 3.217905e+00 
3.490000e+01 3.217905e+00 
3.500000e+01 3.217905e+00 
3.510000e+01 3.217905e+00 
3.520000e+01 3.217905e+00 
3.530000e+01 3.217905e+00 
3.540000e+01 3.217905e+00 
3.550000e+01 3.217905e+00 
3.560000e+01 3.217905e+00 
3.570000e+01 3.217905e+00 
3.580000e+01 3.217905e+00 
3.590000e+01 3.217905e+00 
3.600000e+01 3.217905e+00 
3.610000e+01 3.217905e+00 
3.620000e+01 3.217905e+00 
3.630000e+01 3.217905e+00 
3.640000e+01 3.217905e+00 
3.650000e+01 3.217905e+00 
3.660000e+01 3.217905e+00 
3.670000e+01 3.217905e+00 
3.680000e+01 3.217905e+00 
3.690000e+01 3.217905e+00 
3.700000e+01 3.217905e+00 
3.710000e+01 3.217905e+00 
3.720000e+01 3.217905e+00 
3.730000e+01 3.217905e+00 
3.740000e+01 3.217905e+00 
3.750000e+01 3.217905e+00 
3.760000e+01 3.217905e+00 
3.770000e+01 3.217905e+00 
3.780000e+01 3.217905e+00 
3.790000e+01 3.217905e+00 
3.800000e+01 3.217905e+00 
3.810000e+01 3.217905e+00 
3.820000e+01 3.217905e+00 
3.830000e+01 3.217905e+00 
3.840000e+01 3.217905e+00 
3.850000e+01 3.217905e+00 
3.860000e+01 3.217905e+00 
3.870000e+01 3.217905e+00 
3.880000e+01 3.217905e+00 
3.890000e+01 3.217905e+00 
3.900000e+01 3.217905e+00 
3.910000e+01 3.217905e+00 
3.920000e+01 3.217905e+00 
3.930000e+01 3.217905e+00 
3.940000e+01 3.217905e+00 
3.950000e+01 3.217905e+00 
3.960000e+01 3.217905e+00 
3.970000e+01 3.217905e+00 
3.980000e+01 3.217905e+00 
3.990000e+01 3.217905e+00 

0.000000e+00 5.107610e-28 
1.000000e-01 2.506116e-01 
2.000000e-01 4.986748e-01 
3.000000e-01 7.440958e-01 
4.000000e-01 9.867698e-01 
5.000000e-01 1.226583e+00 
6.000000e-01 1.463415e+00 
7.000000e-01 1.697135e+00 
8.000000e-01 1.927602e+00 
9.000000e-01 2.154666e+00 
1.000000e+00 2.378163e+00 
1.100000e+00 2.597918e+00 
1.200000e+00 2.813738e+00 
1.300000e+00 3.025415e+00 
1.400000e+00 3.232721e+00 
1.500000e+00 3.435408e+00 
1.600000e+00 3.633200e+00 
1.700000e+00 3.825798e+00 
1.800000e+00 4.012865e+00 
1.900000e+00 4.194030e+00 
2.000000e+00 4.368877e+00 
2.100000e+00 4.536941e+00 
2.200000e+00 4.697692e+00 
2.300000e+00 4.850533e+00 
2.400000e+00 4.994778e+00 
2.500000e+00 5.129634e+00 
2.600000e+00 5.254182e+00 
2.700000e+00 5.367341e+00 
2.800000e+00 5.467825e+00 
2.900000e+00 5.554088e+00 
3.000000e+00 5.624241e+00 
3.100000e+00 5.675937e+00 
3.200000e+00 5.706194e+00 
3.300000e+00 5.712552e+00 
3.400000e+00 5.712552e+00 
3.500000e+00 5.712552e+00 
3.600000e+00 5.712552e+00 
3.700000e+00 5.712552e+00 
3.800000e+00 5.712552e+00 
3.900000e+00 5.712552e+00 
4.000000e+00 5.712552e+00 
4.100000e+00 5.712552e+00 
4.200000e+00 5.712552e+00 
4.300000e+00 5.712552e+00 
4.400000e+00 5.712552e+00 
4.500000e+00 5.712552e+00 
4.600000e+00 5.712552e+00 
4.700000e+00 5.712552e+00 
4.800000e+00 5.712552e+00 
4.900000e+00 5.712552e+00 
5.000000e+00 5.712552e+00 
5.100000e+00 5.712552e+00 
5.200000e+00 5.712552e+00 
5.300000e+00 5.712552e+00 
5.400000e+00 5.712552e+00 
5.500000e+00 5.712552e+00 
5.600000e+00 5.712552e+00 
5.700000e+00 5.712552e+00 
5.800000e+00 5.712552e+00 
5.900000e+00 5.712552e+00 
6.000000e+00 5.712552e+00 
6.100000e+00 5.712552e+00 
6.200000e+00 5.712552e+00 
6.300000e+00 5.712552e+00 
6.400000e+00 5.712552e+00 
6.500000e+00 5.712552e+00 
6.600000e+00 5.712552e+00 
6.700000e+00 5.712552e+00 
6.800000e+00 5.712552e+00 
6.900000e+00 5.712552e+00 
7.000000e+00 5.712552e+00 
7.100000e+00 5.712552e+00 
7.200000e+00 5.712552e+00 
7.300000e+00 5.712552e+00 
7.400000e+00 5.712552e+00 
7.500000e+00 5.712552e+00 
7.600000e+00 5.712552e+00 
7.700000e+00 5.712552e+00 
7.800000e+00 5.712552e+00 
7.900000e+00 5.712552e+00 
8.000000e+00 5.712552e+00 
8.100000e+00 5.712552e+00 
8.200000e+00 5.712552e+00 
8.300000e+00 5.712552e+00 
8.400000e+00 5.712552e+00 
8.500000e+00 5.712552e+00 
8.600000e+00 5.712552e+00 
8.700000e+00 5.712552e+00 
8.800000e+00 5.712552e+00 
8.900000e+00 5.712552e+00 
9.000000e+00 5.712552e+00 
9.100000e+00 5.712552e+00 
9.200000e+00 5.712552e+00 
9.300000e+00 5.712552e+00 
9.400000e+00 5.712552e+00 
9.500000e+00 5.712552e+00 
9.600000e+00 5.712552e+00 
9.700000e+00 5.712552e+00 
9.800000e+00 5.712552e+00 
9.900000e+00 5.712552e+00 
1.000000e+01 5.712552e+00 
1.010000e+01 5.712552e+00 
1.020000e+01 5.712552e+00 
1.030000e+01 5.712552e+00 
1.040000e+01 5.712552e+00 
1.050000e+01 5.712552e+00 
1.060000e+01 5.712552e+00 
1.070000e+01 5.712552e+00 
1.080000e+01 5.712552e+00 
1.090000e+01 5.712552e+00 
1.100000e+01 5.712552e+00 
1.110000e+01 5.712552e+00 
1.120000e+01 5.712552e+00 
1.130000e+01 5.712552e+00 
1.140000e+01 5.712552e+00 
1.150000e+01 5.712552e+00 
1.160000e+01 5.712552e+00 
1.170000e+01 5.712552e+00 
1.180000e+01 5.712552e+00 
1.190000e+01 5.712552e+00 
1.200000e+01 5.712552e+00 
1.210000e+01 5.712552e+00 
1.220000e+01 5.712552e+00 
1.230000e+01 5.712552e+00 
1.240000e+01 5.712552e+00 
1.250000e+01 5.712552e+00 
1.260000e+01 5.712552e+00 
1.270000e+01 5.712552e+00 
1.280000e+01 5.712552e+00 
1.290000e+01 5.712552e+00 
1.300000e+01 5.712552e+00 
1.310000e+01 5.712552e+00 
1.320000e+01 5.712552e+00 
1.330000e+01 5.712552e+00 
1.340000e+01 5.712552e+00 
1.350000e+01 5.712552e+00 
1.360000e+01 5.712552e+00 
1.370000e+01 5.712552e+00 
1.380000e+01 5.712552e+00 
1.390000e+01 5.712552e+00 
1.400000e+01 5.712552e+00 
1.410000e+01 5.712552e+00 
1.420000e+01 5.712552e+00 
1.430000e+01 5.712552e+00 
1.440000e+01 5.712552e+00 
1.450000e+01 5.712552e+00 
1.460000e+01 5.712552e+00 
1.470000e+01 5.712552e+00 
1.480000e+01 5.712552e+00 
1.490000e+01 5.712552e+00 
1.500000e+01 5.712552e+00 
1.510000e+01 5.712552e+00 
1.520000e+01 5.712552e+00 
1.530000e+01 5.712552e+00 
1.540000e+01 5.712552e+00 
1.550000e+01 5.712552e+00 
1.560000e+01 5.712552e+00 
1.570000e+01 5.712552e+00 
1.580000e+01 5.712552e+00 
1.590000e+01 5.712552e+00 
1.600000e+01 5.712552e+00 
1.610000e+01 5.712552e+00 
1.620000e+01 5.712552e+00 
1.630000e+01 5.712552e+00 
1.640000e+01 5.712552e+00 
1.650000e+01 5.712552e+00 
1.660000e+01 5.712552e+00 
1.670000e+01 5.712552e+00 
1.680000e+01 5.712552e+00 
1.690000e+01 5.712552e+00 
1.700000e+01 5.712552e+00 
1.710000e+01 5.712552e+00 
1.720000e+01 5.712552e+00 
1.730000e+01 5.712552e+00 
1.740000e+01 5.712552e+00 
1.750000e+01 5.712552e+00 
1.760000e+01 5.712552e+00 
1.770000e+01 5.712552e+00 
1.780000e+01 5.712552e+00 
1.790000e+01 5.712552e+00 
1.800000e+01 5.712552e+00 
1.810000e+01 5.712552e+00 
1.820000e+01 5.712552e+00 
1.830000e+01 5.712552e+00 
1.840000e+01 5.712552e+00 
1.850000e+01 5.712552e+00 
1.860000e+01 5.712552e+00 
1.870000e+01 5.712552e+00 
1.880000e+01 5.712552e+00 
1.890000e+01 5.712552e+00 
1.900000e+01 5.712552e+00 
1.910000e+01 5.712552e+00 
1.920000e+01 5.712552e+00 
1.930000e+01 5.712552e+00 
1.940000e+01 5.712552e+00 
1.950000e+01 5.712552e+00 
1.960000e+01 5.712552e+00 
1.970000e+01 5.712552e+00 
1.980000e+01 5.712552e+00 
1.990000e+01 5.712552e+00 
2.000000e+01 5.712552e+00 
2.010000e+01 5.712552e+00 
2.020000e+01 5.712552e+00 
2.030000e+01 5.712552e+00 
2.040000e+01 5.712552e+00 
2.050000e+01 5.712552e+00 
2.060000e+01 5.712552e+00 
2.070000e+01 5.712552e+00 
2.080000e+01 5.712552e+00 
2.090000e+01 5.712552e+00 
2.100000e+01 5.712552e+00 
2.110000e+01 5.712552e+00 
2.120000e+01 5.712552e+00 
2.130000e+01 5.712552e+00 
2.140000e+01 5.712552e+00 
2.150000e+01 5.712552e+00 
2.160000e+01 5.712552e+00 
2.170000e+01 5.712552e+00 
2.180000e+01 5.712552e+00 
2.190000e+01 5.712552e+00 
2.200000e+01 5.712552e+00 
2.210000e+01 5.712552e+00 
2.220000e+01 5.712552e+00 
2.230000e+01 5.712552e+00 
2.240000e+01 5.712552e+00 
2.250000e+01 5.712552e+00 
2.260000e+01 5.712552e+00 
2.270000e+01 5.712552e+00 
2.280000e+01 5.712552e+00 
2.290000e+01 5.712552e+00 
2.300000e+01 5.712552e+00 
2.310000e+01 5.712552e+00 
2.320000e+01 5.712552e+00 
2.330000e+01 5.712552e+00 
2.340000e+01 5.712552e+00 
2.350000e+01 5.712552e+00 
2.360000e+01 5.712552e+00 
2.370000e+01 5.712552e+00 
2.380000e+01 5.712552e+00 
2.390000e+01 5.712552e+00 
2.400000e+01 5.712552e+00 
2.410000e+01 5.712552e+00 
2.420000e+01 5.712552e+00 
2.430000e+01 5.712552e+00 
2.440000e+01 5.712552e+00 
2.450000e+01 5.712552e+00 
2.460000e+01 5.712552e+00 
2.470000e+01 5.712552e+00 
2.480000e+01 5.712552e+00 
2.490000e+01 5.712552e+00 
2.500000e+01 5.712552e+00 
2.510000e+01 5.712552e+00 
2.520000e+01 5.712552e+00 
2.530000e+01 5.712552e+00 
2.540000e+01 5.712552e+00 
2.550000e+01 5.712552e+00 
2.560000e+01 5.712552e+00 
2.570000e+01 5.712552e+00 
2.580000e+01 5.712552e+00 
2.590000e+01 5.712552e+00 
2.600000e+01 5.712552e+00 
2.610000e+01 5.712552e+00 
2.620000e+01 5.712552e+00 
2.630000e+01 5.712552e+00 
2.640000e+01 5.712552e+00 
2.650000e+01 5.712552e+00 
2.660000e+01 5.712552e+00 
2.670000e+01 5.712552e+00 
2.680000e+01 5.712552e+00 
2.690000e+01 5.712552e+00 
2.700000e+01 5.712552e+00 
2.710000e+01 5.712552e+00 
2.720000e+01 5.712552e+00 
2.730000e+01 5.712552e+00 
2.740000e+01 5.712552e+00 
2.750000e+01 5.712552e+00 
2.760000e+01 5.712552e+00 
2.770000e+01 5.712552e+00 
2.780000e+01 5.712552e+00 
2.790000e+01 5.712552e+00 
2.800000e+01 5.712552e+00 
2.810000e+01 5.712552e+00 
2.820000e+01 5.712552e+00 
2.830000e+01 5.712552e+00 
2.840000e+01 5.712552e+00 
2.850000e+01 5.712552e+00 
2.860000e+01 5.712552e+00 
2.870000e+01 5.712552e+00 
2.880000e+01 5.712552e+00 
2.890000e+01 5.712552e+00 
2.900000e+01 5.712552e+00 
2.910000e+01 5.712552e+00 
2.920000e+01 5.712552e+00 
2.930000e+01 5.712552e+00 
2.940000e+01 5.712552e+00 
2.950000e+01 5.712552e+00 
2.960000e+01 5.712552e+00 
2.970000e+01 5.712552e+00 
2.980000e+01 5.712552e+00 
2.990000e+01 5.712552e+00 
3.000000e+01 5.712552e+00 
3.010000e+01 5.712552e+00 
3.020000e+01 5.712552e+00 
3.030000e+01 5.712552e+00 
3.040000e+01 5.712552e+00 
3.050000e+01 5.712552e+00 
3.060000e+01 5.712552e+00 
3.070000e+01 5.712552e+00 
3.080000e+01 5.712552e+00 
3.090000e+01 5.712552e+00 
3.100000e+01 5.712552e+00 
3.110000e+01 5.712552e+00 
3.120000e+01 5.712552e+00 
3.130000e+01 5.712552e+00 
3.140000e+01 5.712552e+00 
3.150000e+01 5.712552e+00 
3.160000e+01 5.712552e+00 
3.170000e+01 5.712552e+00 
3.180000e+01 5.712552e+00 
3.190000e+01 5.712552e+00 
3.200000e+01 5.712552e+00 
3.210000e+01 5.712552e+00 
3.220000e+01 5.712552e+00 
3.230000e+01 5.712552e+00 
3.240000e+01 5.712552e+00 
3.250000e+01 5.712552e+00 
3.260000e+01 5.712552e+00 
3.270000e+01 5.712552e+00 
3.280000e+01 5.712552e+00 
3.290000e+01 5.712552e+00 
3.300000e+01 5.712552e+00 
3.310000e+01 5.712552e+00 
3.320000e+01 5.712552e+00 
3.330000e+01 5.712552e+00 
3.340000e+01 5.712552e+00 
3.350000e+01 5.712552e+00 
3.360000e+01 5.712552e+00 
3.370000e+01 5.712552e+00 
3.380000e+01 5.712552e+00 
3.390000e+01 5.712552e+00 
3.400000e+01 5.712552e+00 
3.410000e+01 5.712552e+00 
3.420000e+01 5.712552e+00 
3.430000e+01 5.712552e+00 
3.440000e+01 5.712552e+00 
3.450000e+01 5.712552e+00 
3.460000e+01 5.712552e+00 
3.470000e+01 5.712552e+00 
3.480000e+01 5.712552e+00 
3.490000e+01 5.712552e+00 
3.500000e+01 5.712552e+00 
3.510000e+01 5.712552e+00 
3.520000e+01 5.712552e+00 
3.530000e+01 5.712552e+00 
3.540000e+01 5.712552e+00 
3.550000e+01 5.712552e+00 
3.560000e+01 5.712552e+00 
3.570000e+01 5.712552e+00 
3.580000e+01 5.712552e+00 
3.590000e+01 5.712552e+00 
3.600000e+01 5.712552e+00 
3.610000e+01 5.712552e+00 
3.620000e+01 5.712552e+00 
3.630000e+01 5.712552e+00 
3.640000e+01 5.712552e+00 
3.650000e+01 5.712552e+00 
3.660000e+01 5.712552e+00 
3.670000e+01 5.712552e+00 
3.680000e+01 5.712552e+00 
3.690000e+01 5.712552e+00 
3.700000e+01 5.712552e+00 
3.710000e+01 5.712552e+00 
3.720000e+01 5.712552e+00 
3.730000e+01 5.712552e+00 
3.740000e+01 5.712552e+00 
3.750000e+01 5.712552e+00 
3.760000e+01 5.712552e+00 
3.770000e+01 5.712552e+00 
3.780000e+01 5.712552e+00 
3.790000e+01 5.712552e+00 
3.800000e+01 5.712552e+00 
3.810000e+01 5.712552e+00 
3.820000e+01 5.712552e+00 
3.830000e+01 5.712552e+00 
3.840000e+01 5.712552e+00 
3.850000e+01 5.712552e+00 
3.860000e+01 5.712552e+00 
3.870000e+01 5.712552e+00 
3.880000e+01 5.712552e+00 
3.890000e+01 5.712552e+00 
3.900000e+01 5.712552e+00 
3.910000e+01 5.712552e+00 
3.920000e+01 5.712552e+00 
3.930000e+01 5.712552e+00 
3.940000e+01 5.712552e+00 
3.950000e+01 5.712552e+00 
3.960000e+01 5.712552e+00 
3.970000e+01 5.712552e+00 
3.980000e+01 5.712552e+00 
3.990000e+01 5.712552e+00 

0.000000e+00 1.885596e-28 
1.000000e-01 2.752139e-01 
2.000000e-01 5.487188e-01 
3.000000e-01 8.204684e-01 
4.000000e-01 1.090411e+00 
5.000000e-01 1.358490e+00 
6.000000e-01 1.624647e+00 
7.000000e-01 1.888820e+00 
8.000000e-01 2.150944e+00 
9.000000e-01 2.410948e+00 
1.000000e+00 2.668761e+00 
1.100000e+00 2.924304e+00 
1.200000e+00 3.177496e+00 
1.300000e+00 3.428248e+00 
1.400000e+00 3.676469e+00 
1.500000e+00 3.922060e+00 
1.600000e+00 4.164914e+00 
1.700000e+00 4.404920e+00 
1.800000e+00 4.641956e+00 
1.900000e+00 4.875894e+00 
2.000000e+00 5.106594e+00 
2.100000e+00 5.333907e+00 
2.200000e+00 5.557671e+00 
2.300000e+00 5.777710e+00 
2.400000e+00 5.993835e+00 
2.500000e+00 6.205840e+00 
2.600000e+00 6.413499e+00 
2.700000e+00 6.616565e+00 
2.800000e+00 6.814768e+00 
2.900000e+00 7.007808e+00 
3.000000e+00 7.195356e+00 
3.100000e+00 7.377042e+00 
3.200000e+00 7.552459e+00 
3.300000e+00 7.721143e+00 
3.400000e+00 7.882576e+00 
3.500000e+00 8.036167e+00 
3.600000e+00 8.181241e+00 
3.700000e+00 8.317020e+00 
3.800000e+00 8.442598e+00 
3.900000e+00 8.556915e+00 
4.000000e+00 8.658711e+00 
4.100000e+00 8.746474e+00 
4.200000e+00 8.818358e+00 
4.300000e+00 8.872075e+00 
4.400000e+00 8.904729e+00 
4.500000e+00 8.913160e+00 
4.600000e+00 8.913160e+00 
4.700000e+00 8.913160e+00 
4.800000e+00 8.913160e+00 
4.900000e+00 8.913160e+00 
5.000000e+00 8.913160e+00 
5.100000e+00 8.913160e+00 
5.200000e+00 8.913160e+00 
5.300000e+00 8.913160e+00 
5.400000e+00 8.913160e+00 
5.500000e+00 8.913160e+00 
5.600000e+00 8.913160e+00 
5.700000e+00 8.913160e+00 
5.800000e+00 8.913160e+00 
5.900000e+00 8.913160e+00 
6.000000e+00 8.913160e+00 
6.100000e+00 8.913160e+00 
6.200000e+00 8.913160e+00 
6.300000e+00 8.913160e+00 
6.400000e+00 8.913160e+00 
6.500000e+00 8.913160e+00 
6.600000e+00 8.913160e+00 
6.700000e+00 8.913160e+00 
6.800000e+00 8.913160e+00 
6.900000e+00 8.913160e+00 
7.000000e+00 8.913160e+00 
7.100000e+00 8.913160e+00 
7.200000e+00 8.913160e+00 
7.300000e+00 8.913160e+00 
7.400000e+00 8.913160e+00 
7.500000e+00 8.913160e+00 
7.600000e+00 8.913160e+00 
7.700000e+00 8.913160e+00 
7.800000e+00 8.913160e+00 
7.900000e+00 8.913160e+00 
8.000000e+00 8.913160e+00 
8.100000e+00 8.913160e+00 
8.200000e+00 8.913160e+00 
8.300000e+00 8.913160e+00 
8.400000e+00 8.913160e+00 
8.500000e+00 8.913160e+00 
8.600000e+00 8.913160e+00 
8.700000e+00 8.913160e+00 
8.800000e+00 8.913160e+00 
8.900000e+00 8.913160e+00 
9.000000e+00 8.913160e+00 
9.100000e+00 8.913160e+00 
9.200000e+00 8.913160e+00 
9.300000e+00 8.913160e+00 
9.400000e+00 8.913160e+00 
9.500000e+00 8.913160e+00 
9.600000e+00 8.913160e+00 
9.700000e+00 8.913160e+00 
9.800000e+00 8.913160e+00 
9.900000e+00 8.913160e+00 
1.000000e+01 8.913160e+00 
1.010000e+01 8.913160e+00 
1.020000e+01 8.913160e+00 
1.030000e+01 8.913160e+00 
1.040000e+01 8.913160e+00 
1.050000e+01 8.913160e+00 
1.060000e+01 8.913160e+00 
1.070000e+01 8.913160e+00 
1.080000e+01 8.913160e+00 
1.090000e+01 8.913160e+00 
1.100000e+01 8.913160e+00 
1.110000e+01 8.913160e+00 
1.120000e+01 8.913160e+00 
1.130000e+01 8.913160e+00 
1.140000e+01 8.913160e+00 
1.150000e+01 8.913160e+00 
1.160000e+01 8.913160e+00 
1.170000e+01 8.913160e+00 
1.180000e+01 8.913160e+00 
1.190000e+01 8.913160e+00 
1.200000e+01 8.913160e+00 
1.210000e+01 8.913160e+00 
1.220000e+01 8.913160e+00 
1.230000e+01 8.913160e+00 
1.240000e+01 8.913160e+00 
1.250000e+01 8.913160e+00 
1.260000e+01 8.913160e+00 
1.270000e+01 8.913160e+00 
1.280000e+01 8.913160e+00 
1.290000e+01 8.913160e+00 
1.300000e+01 8.913160e+00 
1.310000e+01 8.913160e+00 
1.320000e+01 8.913160e+00 
1.330000e+01 8.913160e+00 
1.340000e+01 8.913160e+00 
1.350000e+01 8.913160e+00 
1.360000e+01 8.913160e+00 
1.370000e+01 8.913160e+00 
1.380000e+01 8.913160e+00 
1.390000e+01 8.913160e+00 
1.400000e+01 8.913160e+00 
1.410000e+01 8.913160e+00 
1.420000e+01 8.913160e+00 
1.430000e+01 8.913160e+00 
1.440000e+01 8.913160e+00 
1.450000e+01 8.913160e+00 
1.460000e+01 8.913160e+00 
1.470000e+01 8.913160e+00 
1.480000e+01 8.913160e+00 
1.490000e+01 8.913160e+00 
1.500000e+01 8.913160e+00 
1.510000e+01 8.913160e+00 
1.520000e+01 8.913160e+00 
1.530000e+01 8.913160e+00 
1.540000e+01 8.913160e+00 
1.550000e+01 8.913160e+00 
1.560000e+01 8.913160e+00 
1.570000e+01 8.913160e+00 
1.580000e+01 8.913160e+00 
1.590000e+01 8.913160e+00 
1.600000e+01 8.913160e+00 
1.610000e+01 8.913160e+00 
1.620000e+01 8.913160e+00 
1.630000e+01 8.913160e+00 
1.640000e+01 8.913160e+00 
1.650000e+01 8.913160e+00 
1.660000e+01 8.913160e+00 
1.670000e+01 8.913160e+00 
1.680000e+01 8.913160e+00 
1.690000e+01 8.913160e+00 
1.700000e+01 8.913160e+00 
1.710000e+01 8.913160e+00 
1.720000e+01 8.913160e+00 
1.730000e+01 8.913160e+00 
1.740000e+01 8.913160e+00 
1.750000e+01 8.913160e+00 
1.760000e+01 8.913160e+00 
1.770000e+01 8.913160e+00 
1.780000e+01 8.913160e+00 
1.790000e+01 8.913160e+00 
1.800000e+01 8.913160e+00 
1.810000e+01 8.913160e+00 
1.820000e+01 8.913160e+00 
1.830000e+01 8.913160e+00 
1.840000e+01 8.913160e+00 
1.850000e+01 8.913160e+00 
1.860000e+01 8.913160e+00 
1.870000e+01 8.913160e+00 
1.880000e+01 8.913160e+00 
1.890000e+01 8.913160e+00 
1.900000e+01 8.913160e+00 
1.910000e+01 8.913160e+00 
1.920000e+01 8.913160e+00 
1.930000e+01 8.913160e+00 
1.940000e+01 8.913160e+00 
1.950000e+01 8.913160e+00 
1.960000e+01 8.913160e+00 
1.970000e+01 8.913160e+00 
1.980000e+01 8.913160e+00 
1.990000e+01 8.913160e+00 
2.000000e+01 8.913160e+00 
2.010000e+01 8.913160e+00 
2.020000e+01 8.913160e+00 
2.030000e+01 8.913160e+00 
2.040000e+01 8.913160e+00 
2.050000e+01 8.913160e+00 
2.060000e+01 8.913160e+00 
2.070000e+01 8.913160e+00 
2.080000e+01 8.913160e+00 
2.090000e+01 8.913160e+00 
2.100000e+01 8.913160e+00 
2.110000e+01 8.913160e+00 
2.120000e+01 8.913160e+00 
2.130000e+01 8.913160e+00 
2.140000e+01 8.913160e+00 
2.150000e+01 8.913160e+00 
2.160000e+01 8.913160e+00 
2.170000e+01 8.913160e+00 
2.180000e+01 8.913160e+00 
2.190000e+01 8.913160e+00 
2.200000e+01 8.913160e+00 
2.210000e+01 8.913160e+00 
2.220000e+01 8.913160e+00 
2.230000e+01 8.913160e+00 
2.240000e+01 8.913160e+00 
2.250000e+01 8.913160e+00 
2.260000e+01 8.913160e+00 
2.270000e+01 8.913160e+00 
2.280000e+01 8.913160e+00 
2.290000e+01 8.913160e+00 
2.300000e+01 8.913160e+00 
2.310000e+01 8.913160e+00 
2.320000e+01 8.913160e+00 
2.330000e+01 8.913160e+00 
2.340000e+01 8.913160e+00 
2.350000e+01 8.913160e+00 
2.360000e+01 8.913160e+00 
2.370000e+01 8.913160e+00 
2.380000e+01 8.913160e+00 
2.390000e+01 8.913160e+00 
2.400000e+01 8.913160e+00 
2.410000e+01 8.913160e+00 
2.420000e+01 8.913160e+00 
2.430000e+01 8.913160e+00 
2.440000e+01 8.913160e+00 
2.450000e+01 8.913160e+00 
2.460000e+01 8.913160e+00 
2.470000e+01 8.913160e+00 
2.480000e+01 8.913160e+00 
2.490000e+01 8.913160e+00 
2.500000e+01 8.913160e+00 
2.510000e+01 8.913160e+00 
2.520000e+01 8.913160e+00 
2.530000e+01 8.913160e+00 
2.540000e+01 8.913160e+00 
2.550000e+01 8.913160e+00 
2.560000e+01 8.913160e+00 
2.570000e+01 8.913160e+00 
2.580000e+01 8.913160e+00 
2.590000e+01 8.913160e+00 
2.600000e+01 8.913160e+00 
2.610000e+01 8.913160e+00 
2.620000e+01 8.913160e+00 
2.630000e+01 8.913160e+00 
2.640000e+01 8.913160e+00 
2.650000e+01 8.913160e+00 
2.660000e+01 8.913160e+00 
2.670000e+01 8.913160e+00 
2.680000e+01 8.913160e+00 
2.690000e+01 8.913160e+00 
2.700000e+01 8.913160e+00 
2.710000e+01 8.913160e+00 
2.720000e+01 8.913160e+00 
2.730000e+01 8.913160e+00 
2.740000e+01 8.913160e+00 
2.750000e+01 8.913160e+00 
2.760000e+01 8.913160e+00 
2.770000e+01 8.913160e+00 
2.780000e+01 8.913160e+00 
2.790000e+01 8.913160e+00 
2.800000e+01 8.913160e+00 
2.810000e+01 8.913160e+00 
2.820000e+01 8.913160e+00 
2.830000e+01 8.913160e+00 
2.840000e+01 8.913160e+00 
2.850000e+01 8.913160e+00 
2.860000e+01 8.913160e+00 
2.870000e+01 8.913160e+00 
2.880000e+01 8.913160e+00 
2.890000e+01 8.913160e+00 
2.900000e+01 8.913160e+00 
2.910000e+01 8.913160e+00 
2.920000e+01 8.913160e+00 
2.930000e+01 8.913160e+00 
2.940000e+01 8.913160e+00 
2.950000e+01 8.913160e+00 
2.960000e+01 8.913160e+00 
2.970000e+01 8.913160e+00 
2.980000e+01 8.913160e+00 
2.990000e+01 8.913160e+00 
3.000000e+01 8.913160e+00 
3.010000e+01 8.913160e+00 
3.020000e+01 8.913160e+00 
3.030000e+01 8.913160e+00 
3.040000e+01 8.913160e+00 
3.050000e+01 8.913160e+00 
3.060000e+01 8.913160e+00 
3.070000e+01 8.913160e+00 
3.080000e+01 8.913160e+00 
3.090000e+01 8.913160e+00 
3.100000e+01 8.913160e+00 
3.110000e+01 8.913160e+00 
3.120000e+01 8.913160e+00 
3.130000e+01 8.913160e+00 
3.140000e+01 8.913160e+00 
3.150000e+01 8.913160e+00 
3.160000e+01 8.913160e+00 
3.170000e+01 8.913160e+00 
3.180000e+01 8.913160e+00 
3.190000e+01 8.913160e+00 
3.200000e+01 8.913160e+00 
3.210000e+01 8.913160e+00 
3.220000e+01 8.913160e+00 
3.230000e+01 8.913160e+00 
3.240000e+01 8.913160e+00 
3.250000e+01 8.913160e+00 
3.260000e+01 8.913160e+00 
3.270000e+01 8.913160e+00 
3.280000e+01 8.913160e+00 
3.290000e+01 8.913160e+00 
3.300000e+01 8.913160e+00 
3.310000e+01 8.913160e+00 
3.320000e+01 8.913160e+00 
3.330000e+01 8.913160e+00 
3.340000e+01 8.913160e+00 
3.350000e+01 8.913160e+00 
3.360000e+01 8.913160e+00 
3.370000e+01 8.913160e+00 
3.380000e+01 8.913160e+00 
3.390000e+01 8.913160e+00 
3.400000e+01 8.913160e+00 
3.410000e+01 8.913160e+00 
3.420000e+01 8.913160e+00 
3.430000e+01 8.913160e+00 
3.440000e+01 8.913160e+00 
3.450000e+01 8.913160e+00 
3.460000e+01 8.913160e+00 
3.470000e+01 8.913160e+00 
3.480000e+01 8.913160e+00 
3.490000e+01 8.913160e+00 
3.500000e+01 8.913160e+00 
3.510000e+01 8.913160e+00 
3.520000e+01 8.913160e+00 
3.530000e+01 8.913160e+00 
3.540000e+01 8.913160e+00 
3.550000e+01 8.913160e+00 
3.560000e+01 8.913160e+00 
3.570000e+01 8.913160e+00 
3.580000e+01 8.913160e+00 
3.590000e+01 8.913160e+00 
3.600000e+01 8.913160e+00 
3.610000e+01 8.913160e+00 
3.620000e+01 8.913160e+00 
3.630000e+01 8.913160e+00 
3.640000e+01 8.913160e+00 
3.650000e+01 8.913160e+00 
3.660000e+01 8.913160e+00 
3.670000e+01 8.913160e+00 
3.680000e+01 8.913160e+00 
3.690000e+01 8.913160e+00 
3.700000e+01 8.913160e+00 
3.710000e+01 8.913160e+00 
3.720000e+01 8.913160e+00 
3.730000e+01 8.913160e+00 
3.740000e+01 8.913160e+00 
3.750000e+01 8.913160e+00 
3.760000e+01 8.913160e+00 
3.770000e+01 8.913160e+00 
3.780000e+01 8.913160e+00 
3.790000e+01 8.913160e+00 
3.800000e+01 8.913160e+00 
3.810000e+01 8.913160e+00 
3.820000e+01 8.913160e+00 
3.830000e+01 8.913160e+00 
3.840000e+01 8.913160e+00 
3.850000e+01 8.913160e+00 
3.860000e+01 8.913160e+00 
3.870000e+01 8.913160e+00 
3.880000e+01 8.913160e+00 
3.890000e+01 8.913160e+00 
3.900000e+01 8.913160e+00 
3.910000e+01 8.913160e+00 
3.920000e+01 8.913160e+00 
3.930000e+01 8.913160e+00 
3.940000e+01 8.913160e+00 
3.950000e+01 8.913160e+00 
3.960000e+01 8.913160e+00 
3.970000e+01 8.913160e+00 
3.980000e+01 8.913160e+00 
3.990000e+01 8.913160e+00 

0.000000e+00 -4.244637e-29 
1.000000e-01 2.943521e-01 
2.000000e-01 5.875011e-01 
3.000000e-01 8.794224e-01 
4.000000e-01 1.170088e+00 
5.000000e-01 1.459467e+00 
6.000000e-01 1.747529e+00 
7.000000e-01 2.034241e+00 
8.000000e-01 2.319568e+00 
9.000000e-01 2.603474e+00 
1.000000e+00 2.885923e+00 
1.100000e+00 3.166876e+00 
1.200000e+00 3.446291e+00 
1.300000e+00 3.724125e+00 
1.400000e+00 4.000336e+00 
1.500000e+00 4.274875e+00 
1.600000e+00 4.547693e+00 
1.700000e+00 4.818739e+00 
1.800000e+00 5.087960e+00 
1.900000e+00 5.355297e+00 
2.000000e+00 5.620691e+00 
2.100000e+00 5.884079e+00 
2.200000e+00 6.145394e+00 
2.300000e+00 6.404566e+00 
2.400000e+00 6.661519e+00 
2.500000e+00 6.916176e+00 
2.600000e+00 7.168452e+00 
2.700000e+00 7.418257e+00 
2.800000e+00 7.665498e+00 
2.900000e+00 7.910074e+00 
3.000000e+00 8.151876e+00 
3.100000e+00 8.390789e+00 
3.200000e+00 8.626691e+00 
3.300000e+00 8.859448e+00 
3.400000e+00 9.088917e+00 
3.500000e+00 9.314947e+00 
3.600000e+00 9.537369e+00 
3.700000e+00 9.756005e+00 
3.800000e+00 9.970660e+00 
3.900000e+00 1.018112e+01 
4.000000e+00 1.038716e+01 
4.100000e+00 1.058851e+01 
4.200000e+00 1.078490e+01 
4.300000e+00 1.097603e+01 
4.400000e+00 1.116154e+01 
4.500000e+00 1.134107e+01 
4.600000e+00 1.151417e+01 
4.700000e+00 1.168038e+01 
4.800000e+00 1.183915e+01 
4.900000e+00 1.198986e+01 
5.000000e+00 1.213182e+01 
5.100000e+00 1.226419e+01 
5.200000e+00 1.238603e+01 
5.300000e+00 1.249622e+01 
5.400000e+00 1.259343e+01 
5.500000e+00 1.267604e+01 
5.600000e+00 1.274207e+01 
5.700000e+00 1.278907e+01 
5.800000e+00 1.281389e+01 
5.900000e+00 1.281673e+01 
6.000000e+00 1.281673e+01 
6.100000e+00 1.281673e+01 
6.200000e+00 1.281673e+01 
6.300000e+00 1.281673e+01 
6.400000e+00 1.281673e+01 
6.500000e+00 1.281673e+01 
6.600000e+00 1.281673e+01 
6.700000e+00 1.281673e+01 
6.800000e+00 1.281673e+01 
6.900000e+00 1.281673e+01 
7.000000e+00 1.281673e+01 
7.100000e+00 1.281673e+01 
7.200000e+00 1.281673e+01 
7.300000e+00 1.281673e+01 
7.400000e+00 1.281673e+01 
7.500000e+00 1.281673e+01 
7.600000e+00 1.281673e+01 
7.700000e+00 1.281673e+01 
7.800000e+00 1.281673e+01 
7.900000e+00 1.281673e+01 
8.000000e+00 1.281673e+01 
8.100000e+00 1.281673e+01 
8.200000e+00 1.281673e+01 
8.300000e+00 1.281673e+01 
8.400000e+00 1.281673e+01 
8.500000e+00 1.281673e+01 
8.600000e+00 1.281673e+01 
8.700000e+00 1.281673e+01 
8.800000e+00 1.281673e+01 
8.900000e+00 1.281673e+01 
9.000000e+00 1.281673e+01 
9.100000e+00 1.281673e+01 
9.200000e+00 1.281673e+01 
9.300000e+00 1.281673e+01 
9.400000e+00 1.281673e+01 
9.500000e+00 1.281673e+01 
9.600000e+00 1.281673e+01 
9.700000e+00 1.281673e+01 
9.800000e+00 1.281673e+01 
9.900000e+00 1.281673e+01 
1.000000e+01 1.281673e+01 
1.010000e+01 1.281673e+01 
1.020000e+01 1.281673e+01 
1.030000e+01 1.281673e+01 
1.040000e+01 1.281673e+01 
1.050000e+01 1.281673e+01 
1.060000e+01 1.281673e+01 
1.070000e+01 1.281673e+01 
1.080000e+01 1.281673e+01 
1.090000e+01 1.281673e+01 
1.100000e+01 1.281673e+01 
1.110000e+01 1.281673e+01 
1.120000e+01 1.281673e+01 
1.130000e+01 1.281673e+01 
1.140000e+01 1.281673e+01 
1.150000e+01 1.281673e+01 
1.160000e+01 1.281673e+01 
1.170000e+01 1.281673e+01 
1.180000e+01 1.281673e+01 
1.190000e+01 1.281673e+01 
1.200000e+01 1.281673e+01 
1.210000e+01 1.281673e+01 
1.220000e+01 1.281673e+01 
1.230000e+01 1.281673e+01 
1.240000e+01 1.281673e+01 
1.250000e+01 1.281673e+01 
1.260000e+01 1.281673e+01 
1.270000e+01 1.281673e+01 
1.280000e+01 1.281673e+01 
1.290000e+01 1.281673e+01 
1.300000e+01 1.281673e+01 
1.310000e+01 1.281673e+01 
1.320000e+01 1.281673e+01 
1.330000e+01 1.281673e+01 
1.340000e+01 1.281673e+01 
1.350000e+01 1.281673e+01 
1.360000e+01 1.281673e+01 
1.370000e+01 1.281673e+01 
1.380000e+01 1.281673e+01 
1.390000e+01 1.281673e+01 
1.400000e+01 1.281673e+01 
1.410000e+01 1.281673e+01 
1.420000e+01 1.281673e+01 
1.430000e+01 1.281673e+01 
1.440000e+01 1.281673e+01 
1.450000e+01 1.281673e+01 
1.460000e+01 1.281673e+01 
1.470000e+01 1.281673e+01 
1.480000e+01 1.281673e+01 
1.490000e+01 1.281673e+01 
1.500000e+01 1.281673e+01 
1.510000e+01 1.281673e+01 
1.520000e+01 1.281673e+01 
1.530000e+01 1.281673e+01 
1.540000e+01 1.281673e+01 
1.550000e+01 1.281673e+01 
1.560000e+01 1.281673e+01 
1.570000e+01 1.281673e+01 
1.580000e+01 1.281673e+01 
1.590000e+01 1.281673e+01 
1.600000e+01 1.281673e+01 
1.610000e+01 1.281673e+01 
1.620000e+01 1.281673e+01 
1.630000e+01 1.281673e+01 
1.640000e+01 1.281673e+01 
1.650000e+01 1.281673e+01 
1.660000e+01 1.281673e+01 
1.670000e+01 1.281673e+01 
1.680000e+01 1.281673e+01 
1.690000e+01 1.281673e+01 
1.700000e+01 1.281673e+01 
1.710000e+01 1.281673e+01 
1.720000e+01 1.281673e+01 
1.730000e+01 1.281673e+01 
1.740000e+01 1.281673e+01 
1.750000e+01 1.281673e+01 
1.760000e+01 1.281673e+01 
1.770000e+01 1.281673e+01 
1.780000e+01 1.281673e+01 
1.790000e+01 1.281673e+01 
1.800000e+01 1.281673e+01 
1.810000e+01 1.281673e+01 
1.820000e+01 1.281673e+01 
1.830000e+01 1.281673e+01 
1.840000e+01 1.281673e+01 
1.850000e+01 1.281673e+01 
1.860000e+01 1.281673e+01 
1.870000e+01 1.281673e+01 
1.880000e+01 1.281673e+01 
1.890000e+01 1.281673e+01 
1.900000e+01 1.281673e+01 
1.910000e+01 1.281673e+01 
1.920000e+01 1.281673e+01 
1.930000e+01 1.281673e+01 
1.940000e+01 1.281673e+01 
1.950000e+01 1.281673e+01 
1.960000e+01 1.281673e+01 
1.970000e+01 1.281673e+01 
1.980000e+01 1.281673e+01 
1.990000e+01 1.281673e+01 
2.000000e+01 1.281673e+01 
2.010000e+01 1.281673e+01 
2.020000e+01 1.281673e+01 
2.030000e+01 1.281673e+01 
2.040000e+01 1.281673e+01 
2.050000e+01 1.281673e+01 
2.060000e+01 1.281673e+01 
2.070000e+01 1.281673e+01 
2.080000e+01 1.281673e+01 
2.090000e+01 1.281673e+01 
2.100000e+01 1.281673e+01 
2.110000e+01 1.281673e+01 
2.120000e+01 1.281673e+01 
2.130000e+01 1.281673e+01 
2.140000e+01 1.281673e+01 
2.150000e+01 1.281673e+01 
2.160000e+01 1.281673e+01 
2.170000e+01 1.281673e+01 
2.180000e+01 1.281673e+01 
2.190000e+01 1.281673e+01 
2.200000e+01 1.281673e+01 
2.210000e+01 1.281673e+01 
2.220000e+01 1.281673e+01 
2.230000e+01 1.281673e+01 
2.240000e+01 1.281673e+01 
2.250000e+01 1.281673e+01 
2.260000e+01 1.281673e+01 
2.270000e+01 1.281673e+01 
2.280000e+01 1.281673e+01 
2.290000e+01 1.281673e+01 
2.300000e+01 1.281673e+01 
2.310000e+01 1.281673e+01 
2.320000e+01 1.281673e+01 
2.330000e+01 1.281673e+01 
2.340000e+01 1.281673e+01 
2.350000e+01 1.281673e+01 
2.360000e+01 1.281673e+01 
2.370000e+01 1.281673e+01 
2.380000e+01 1.281673e+01 
2.390000e+01 1.281673e+01 
2.400000e+01 1.281673e+01 
2.410000e+01 1.281673e+01 
2.420000e+01 1.281673e+01 
2.430000e+01 1.281673e+01 
2.440000e+01 1.281673e+01 
2.450000e+01 1.281673e+01 
2.460000e+01 1.281673e+01 
2.470000e+01 1.281673e+01 
2.480000e+01 1.281673e+01 
2.490000e+01 1.281673e+01 
2.500000e+01 1.281673e+01 
2.510000e+01 1.281673e+01 
2.520000e+01 1.281673e+01 
2.530000e+01 1.281673e+01 
2.540000e+01 1.281673e+01 
2.550000e+01 1.281673e+01 
2.560000e+01 1.281673e+01 
2.570000e+01 1.281673e+01 
2.580000e+01 1.281673e+01 
2.590000e+01 1.281673e+01 
2.600000e+01 1.281673e+01 
2.610000e+01 1.281673e+01 
2.620000e+01 1.281673e+01 
2.630000e+01 1.281673e+01 
2.640000e+01 1.281673e+01 
2.650000e+01 1.281673e+01 
2.660000e+01 1.281673e+01 
2.670000e+01 1.281673e+01 
2.680000e+01 1.281673e+01 
2.690000e+01 1.281673e+01 
2.700000e+01 1.281673e+01 
2.710000e+01 1.281673e+01 
2.720000e+01 1.281673e+01 
2.730000e+01 1.281673e+01 
2.740000e+01 1.281673e+01 
2.750000e+01 1.281673e+01 
2.760000e+01 1.281673e+01 
2.770000e+01 1.281673e+01 
2.780000e+01 1.281673e+01 
2.790000e+01 1.281673e+01 
2.800000e+01 1.281673e+01 
2.810000e+01 1.281673e+01 
2.820000e+01 1.281673e+01 
2.830000e+01 1.281673e+01 
2.840000e+01 1.281673e+01 
2.850000e+01 1.281673e+01 
2.860000e+01 1.281673e+01 
2.870000e+01 1.281673e+01 
2.880000e+01 1.281673e+01 
2.890000e+01 1.281673e+01 
2.900000e+01 1.281673e+01 
2.910000e+01 1.281673e+01 
2.920000e+01 1.281673e+01 
2.930000e+01 1.281673e+01 
2.940000e+01 1.281673e+01 
2.950000e+01 1.281673e+01 
2.960000e+01 1.281673e+01 
2.970000e+01 1.281673e+01 
2.980000e+01 1.281673e+01 
2.990000e+01 1.281673e+01 
3.000000e+01 1.281673e+01 
3.010000e+01 1.281673e+01 
3.020000e+01 1.281673e+01 
3.030000e+01 1.281673e+01 
3.040000e+01 1.281673e+01 
3.050000e+01 1.281673e+01 
3.060000e+01 1.281673e+01 
3.070000e+01 1.281673e+01 
3.080000e+01 1.281673e+01 
3.090000e+01 1.281673e+01 
3.100000e+01 1.281673e+01 
3.110000e+01 1.281673e+01 
3.120000e+01 1.281673e+01 
3.130000e+01 1.281673e+01 
3.140000e+01 1.281673e+01 
3.150000e+01 1.281673e+01 
3.160000e+01 1.281673e+01 
3.170000e+01 1.281673e+01 
3.180000e+01 1.281673e+01 
3.190000e+01 1.281673e+01 
3.200000e+01 1.281673e+01 
3.210000e+01 1.281673e+01 
3.220000e+01 1.281673e+01 
3.230000e+01 1.281673e+01 
3.240000e+01 1.281673e+01 
3.250000e+01 1.281673e+01 
3.260000e+01 1.281673e+01 
3.270000e+01 1.281673e+01 
3.280000e+01 1.281673e+01 
3.290000e+01 1.281673e+01 
3.300000e+01 1.281673e+01 
3.310000e+01 1.281673e+01 
3.320000e+01 1.281673e+01 
3.330000e+01 1.281673e+01 
3.340000e+01 1.281673e+01 
3.350000e+01 1.281673e+01 
3.360000e+01 1.281673e+01 
3.370000e+01 1.281673e+01 
3.380000e+01 1.281673e+01 
3.390000e+01 1.281673e+01 
3.400000e+01 1.281673e+01 
3.410000e+01 1.281673e+01 
3.420000e+01 1.281673e+01 
3.430000e+01 1.281673e+01 
3.440000e+01 1.281673e+01 
3.450000e+01 1.281673e+01 
3.460000e+01 1.281673e+01 
3.470000e+01 1.281673e+01 
3.480000e+01 1.281673e+01 
3.490000e+01 1.281673e+01 
3.500000e+01 1.281673e+01 
3.510000e+01 1.281673e+01 
3.520000e+01 1.281673e+01 
3.530000e+01 1.281673e+01 
3.540000e+01 1.281673e+01 
3.550000e+01 1.281673e+01 
3.560000e+01 1.281673e+01 
3.570000e+01 1.281673e+01 
3.580000e+01 1.281673e+01 
3.590000e+01 1.281673e+01 
3.600000e+01 1.281673e+01 
3.610000e+01 1.281673e+01 
3.620000e+01 1.281673e+01 
3.630000e+01 1.281673e+01 
3.640000e+01 1.281673e+01 
3.650000e+01 1.281673e+01 
3.660000e+01 1.281673e+01 
3.670000e+01 1.281673e+01 
3.680000e+01 1.281673e+01 
3.690000e+01 1.281673e+01 
3.700000e+01 1.281673e+01 
3.710000e+01 1.281673e+01 
3.720000e+01 1.281673e+01 
3.730000e+01 1.281673e+01 
3.740000e+01 1.281673e+01 
3.750000e+01 1.281673e+01 
3.760000e+01 1.281673e+01 
3.770000e+01 1.281673e+01 
3.780000e+01 1.281673e+01 
3.790000e+01 1.281673e+01 
3.800000e+01 1.281673e+01 
3.810000e+01 1.281673e+01 
3.820000e+01 1.281673e+01 
3.830000e+01 1.281673e+01 
3.840000e+01 1.281673e+01 
3.850000e+01 1.281673e+01 
3.860000e+01 1.281673e+01 
3.870000e+01 1.281673e+01 
3.880000e+01 1.281673e+01 
3.890000e+01 1.281673e+01 
3.900000e+01 1.281673e+01 
3.910000e+01 1.281673e+01 
3.920000e+01 1.281673e+01 
3.930000e+01 1.281673e+01 
3.940000e+01 1.281673e+01 
3.950000e+01 1.281673e+01 
3.960000e+01 1.281673e+01 
3.970000e+01 1.281673e+01 
3.980000e+01 1.281673e+01 
3.990000e+01 1.281673e+01 
