0.000000e+00 3.000625e-07 
1.000000e-02 3.000625e-07 
2.000000e-02 3.000625e-07 
3.000000e-02 3.000624e-07 
4.000000e-02 3.000624e-07 
5.000000e-02 3.000624e-07 
6.000000e-02 3.000624e-07 
7.000000e-02 3.000624e-07 
8.000000e-02 3.000624e-07 
9.000000e-02 3.000624e-07 
1.000000e-01 3.000624e-07 
1.100000e-01 3.000624e-07 
1.200000e-01 3.000624e-07 
1.300000e-01 3.000624e-07 
1.400000e-01 3.000624e-07 
1.500000e-01 3.000623e-07 
1.600000e-01 3.000623e-07 
1.700000e-01 3.000623e-07 
1.800000e-01 3.000623e-07 
1.900000e-01 3.000623e-07 
2.000000e-01 3.000622e-07 
2.100000e-01 3.000622e-07 
2.200000e-01 3.000622e-07 
2.300000e-01 3.000622e-07 
2.400000e-01 3.000622e-07 
2.500000e-01 3.000622e-07 
2.600000e-01 3.000621e-07 
2.700000e-01 3.000621e-07 
2.800000e-01 3.000621e-07 
2.900000e-01 3.000621e-07 
3.000000e-01 3.000621e-07 
3.100000e-01 3.000621e-07 
3.200000e-01 3.000621e-07 
3.300000e-01 3.000621e-07 
3.400000e-01 3.000621e-07 
3.500000e-01 3.000621e-07 
3.600000e-01 3.000621e-07 
3.700000e-01 3.000621e-07 
3.800000e-01 3.000621e-07 
3.900000e-01 3.000621e-07 
4.000000e-01 3.000621e-07 
4.100000e-01 3.000621e-07 
4.200000e-01 3.000621e-07 
4.300000e-01 3.000620e-07 
4.400000e-01 3.000620e-07 
4.500000e-01 3.000620e-07 
4.600000e-01 3.000620e-07 
4.700000e-01 3.000620e-07 
4.800000e-01 3.000620e-07 
4.900000e-01 3.000620e-07 
5.000000e-01 3.000620e-07 
5.100000e-01 3.000620e-07 
5.200000e-01 3.000620e-07 
5.300000e-01 3.000620e-07 
5.400000e-01 3.000620e-07 
5.500000e-01 3.000619e-07 
5.600000e-01 3.000619e-07 
5.700000e-01 3.000619e-07 
5.800000e-01 3.000619e-07 
5.900000e-01 3.000619e-07 
6.000000e-01 3.000618e-07 
6.100000e-01 3.000618e-07 
6.200000e-01 3.000618e-07 
6.300000e-01 3.000618e-07 
6.400000e-01 3.000618e-07 
6.500000e-01 3.000618e-07 
6.600000e-01 3.000617e-07 
6.700000e-01 3.000617e-07 
6.800000e-01 3.000617e-07 
6.900000e-01 3.000617e-07 
7.000000e-01 3.000617e-07 
7.100000e-01 3.000617e-07 
7.200000e-01 3.000617e-07 
7.300000e-01 3.000617e-07 
7.400000e-01 3.000617e-07 
7.500000e-01 3.000617e-07 
7.600000e-01 3.000617e-07 
7.700000e-01 3.000616e-07 
7.800000e-01 3.000616e-07 
7.900000e-01 3.000616e-07 
8.000000e-01 3.000616e-07 
8.100000e-01 3.000616e-07 
8.200000e-01 3.000616e-07 
8.300000e-01 3.000616e-07 
8.400000e-01 3.000616e-07 
8.500000e-01 3.000616e-07 
8.600000e-01 3.000616e-07 
8.700000e-01 3.000616e-07 
8.800000e-01 3.000616e-07 
8.900000e-01 3.000616e-07 
9.000000e-01 3.000616e-07 
9.100000e-01 3.000616e-07 
9.200000e-01 3.000616e-07 
9.300000e-01 3.000616e-07 
9.400000e-01 3.000615e-07 
9.500000e-01 3.000615e-07 
9.600000e-01 3.000615e-07 
9.700000e-01 3.000615e-07 
9.800000e-01 3.000615e-07 
9.900000e-01 3.000615e-07 
1.000000e+00 3.000615e-07 
1.010000e+00 3.000615e-07 
1.020000e+00 3.000615e-07 
1.030000e+00 3.000615e-07 
1.040000e+00 3.000615e-07 
1.050000e+00 3.000615e-07 
1.060000e+00 3.000613e-07 
1.070000e+00 3.000613e-07 
1.080000e+00 3.000613e-07 
1.090000e+00 3.000613e-07 
1.100000e+00 3.000613e-07 
1.110000e+00 3.000613e-07 
1.120000e+00 3.000613e-07 
1.130000e+00 3.000613e-07 
1.140000e+00 3.000613e-07 
1.150000e+00 3.000613e-07 
1.160000e+00 3.000613e-07 
1.170000e+00 3.000612e-07 
1.180000e+00 3.000612e-07 
1.190000e+00 3.000612e-07 
1.200000e+00 3.000612e-07 
1.210000e+00 3.000612e-07 
1.220000e+00 3.000612e-07 
1.230000e+00 3.000612e-07 
1.240000e+00 3.000612e-07 
1.250000e+00 3.000612e-07 
1.260000e+00 3.000612e-07 
1.270000e+00 3.000612e-07 
1.280000e+00 3.000611e-07 
1.290000e+00 3.000611e-07 
1.300000e+00 3.000611e-07 
1.310000e+00 3.000611e-07 
1.320000e+00 3.000611e-07 
1.330000e+00 3.000611e-07 
1.340000e+00 3.000611e-07 
1.350000e+00 3.000611e-07 
1.360000e+00 3.000611e-07 
1.370000e+00 3.000611e-07 
1.380000e+00 3.000611e-07 
1.390000e+00 3.000611e-07 
1.400000e+00 3.000611e-07 
1.410000e+00 3.000611e-07 
1.420000e+00 3.000611e-07 
1.430000e+00 3.000611e-07 
1.440000e+00 3.000611e-07 
1.450000e+00 3.000610e-07 
1.460000e+00 3.000610e-07 
1.470000e+00 3.000610e-07 
1.480000e+00 3.000610e-07 
1.490000e+00 3.000610e-07 
1.500000e+00 3.000610e-07 
1.510000e+00 3.000609e-07 
1.520000e+00 3.000609e-07 
1.530000e+00 3.000609e-07 
1.540000e+00 3.000609e-07 
1.550000e+00 3.000609e-07 
1.560000e+00 3.000609e-07 
1.570000e+00 3.000608e-07 
1.580000e+00 3.000608e-07 
1.590000e+00 3.000608e-07 
1.600000e+00 3.000608e-07 
1.610000e+00 3.000608e-07 
1.620000e+00 3.000608e-07 
1.630000e+00 3.000608e-07 
1.640000e+00 3.000608e-07 
1.650000e+00 3.000608e-07 
1.660000e+00 3.000608e-07 
1.670000e+00 3.000608e-07 
1.680000e+00 3.000607e-07 
1.690000e+00 3.000607e-07 
1.700000e+00 3.000607e-07 
1.710000e+00 3.000607e-07 
1.720000e+00 3.000607e-07 
1.730000e+00 3.000607e-07 
1.740000e+00 3.000607e-07 
1.750000e+00 3.000607e-07 
1.760000e+00 3.000607e-07 
1.770000e+00 3.000607e-07 
1.780000e+00 3.000607e-07 
1.790000e+00 3.000607e-07 
1.800000e+00 3.000607e-07 
1.810000e+00 3.000607e-07 
1.820000e+00 3.000607e-07 
1.830000e+00 3.000607e-07 
1.840000e+00 3.000607e-07 
1.850000e+00 3.000606e-07 
1.860000e+00 3.000606e-07 
1.870000e+00 3.000606e-07 
1.880000e+00 3.000606e-07 
1.890000e+00 3.000606e-07 
1.900000e+00 3.000606e-07 
1.910000e+00 3.000605e-07 
1.920000e+00 3.000605e-07 
1.930000e+00 3.000605e-07 
1.940000e+00 3.000605e-07 
1.950000e+00 3.000605e-07 
1.960000e+00 3.000605e-07 
1.970000e+00 3.000605e-07 
1.980000e+00 3.000605e-07 
1.990000e+00 3.000605e-07 
2.000000e+00 3.000605e-07 
2.010000e+00 3.000605e-07 
2.020000e+00 3.000604e-07 
2.030000e+00 3.000604e-07 
2.040000e+00 3.000604e-07 
2.050000e+00 3.000604e-07 
2.060000e+00 3.000604e-07 
2.070000e+00 3.000604e-07 
2.080000e+00 3.000603e-07 
2.090000e+00 3.000603e-07 
2.100000e+00 3.000603e-07 
2.110000e+00 3.000603e-07 
2.120000e+00 3.000603e-07 
2.130000e+00 3.000603e-07 
2.140000e+00 3.000603e-07 
2.150000e+00 3.000603e-07 
2.160000e+00 3.000603e-07 
2.170000e+00 3.000603e-07 
2.180000e+00 3.000603e-07 
2.190000e+00 3.000602e-07 
2.200000e+00 3.000602e-07 
2.210000e+00 3.000602e-07 
2.220000e+00 3.000602e-07 
2.230000e+00 3.000602e-07 
2.240000e+00 3.000602e-07 
2.250000e+00 3.000602e-07 
2.260000e+00 3.000602e-07 
2.270000e+00 3.000602e-07 
2.280000e+00 3.000602e-07 
2.290000e+00 3.000602e-07 
2.300000e+00 3.000602e-07 
2.310000e+00 3.000602e-07 
2.320000e+00 3.000602e-07 
2.330000e+00 3.000602e-07 
2.340000e+00 3.000602e-07 
2.350000e+00 3.000602e-07 
2.360000e+00 3.000601e-07 
2.370000e+00 3.000601e-07 
2.380000e+00 3.000601e-07 
2.390000e+00 3.000601e-07 
2.400000e+00 3.000601e-07 
2.410000e+00 3.000601e-07 
2.420000e+00 3.000600e-07 
2.430000e+00 3.000600e-07 
2.440000e+00 3.000600e-07 
2.450000e+00 3.000600e-07 
2.460000e+00 3.000600e-07 
2.470000e+00 3.000600e-07 
2.480000e+00 3.000599e-07 
2.490000e+00 3.000599e-07 
2.500000e+00 3.000599e-07 
2.510000e+00 3.000599e-07 
2.520000e+00 3.000599e-07 
2.530000e+00 3.000599e-07 
2.540000e+00 3.000599e-07 
2.550000e+00 3.000599e-07 
2.560000e+00 3.000599e-07 
2.570000e+00 3.000599e-07 
2.580000e+00 3.000599e-07 
2.590000e+00 3.000598e-07 
2.600000e+00 3.000598e-07 
2.610000e+00 3.000598e-07 
2.620000e+00 3.000598e-07 
2.630000e+00 3.000598e-07 
2.640000e+00 3.000598e-07 
2.650000e+00 3.000598e-07 
2.660000e+00 3.000598e-07 
2.670000e+00 3.000598e-07 
2.680000e+00 3.000598e-07 
2.690000e+00 3.000598e-07 
2.700000e+00 3.000598e-07 
2.710000e+00 3.000597e-07 
2.720000e+00 3.000597e-07 
2.730000e+00 3.000597e-07 
2.740000e+00 3.000597e-07 
2.750000e+00 3.000597e-07 
2.760000e+00 3.000597e-07 
2.770000e+00 3.000597e-07 
2.780000e+00 3.000597e-07 
2.790000e+00 3.000597e-07 
2.800000e+00 3.000597e-07 
2.810000e+00 3.000597e-07 
2.820000e+00 3.000596e-07 
2.830000e+00 3.000596e-07 
2.840000e+00 3.000596e-07 
2.850000e+00 3.000596e-07 
2.860000e+00 3.000596e-07 
2.870000e+00 3.000596e-07 
2.880000e+00 3.000596e-07 
2.890000e+00 3.000596e-07 
2.900000e+00 3.000596e-07 
2.910000e+00 3.000596e-07 
2.920000e+00 3.000596e-07 
2.930000e+00 3.000595e-07 
2.940000e+00 3.000595e-07 
2.950000e+00 3.000595e-07 
2.960000e+00 3.000595e-07 
2.970000e+00 3.000595e-07 
2.980000e+00 3.000595e-07 
2.990000e+00 3.000594e-07 
3.000000e+00 3.000594e-07 
3.010000e+00 3.000594e-07 
3.020000e+00 3.000594e-07 
3.030000e+00 3.000594e-07 
3.040000e+00 3.000594e-07 
3.050000e+00 3.000594e-07 
3.060000e+00 3.000594e-07 
3.070000e+00 3.000594e-07 
3.080000e+00 3.000594e-07 
3.090000e+00 3.000594e-07 
3.100000e+00 3.000593e-07 
3.110000e+00 3.000593e-07 
3.120000e+00 3.000593e-07 
3.130000e+00 3.000593e-07 
3.140000e+00 3.000593e-07 
3.150000e+00 3.000593e-07 
3.160000e+00 3.000592e-07 
3.170000e+00 3.000592e-07 
3.180000e+00 3.000592e-07 
3.190000e+00 3.000592e-07 
3.200000e+00 3.000592e-07 
3.210000e+00 3.000592e-07 
3.220000e+00 3.000592e-07 
3.230000e+00 3.000592e-07 
3.240000e+00 3.000592e-07 
3.250000e+00 3.000592e-07 
3.260000e+00 3.000592e-07 
3.270000e+00 3.000592e-07 
3.280000e+00 3.000592e-07 
3.290000e+00 3.000592e-07 
3.300000e+00 3.000592e-07 
3.310000e+00 3.000592e-07 
3.320000e+00 3.000592e-07 
3.330000e+00 3.000591e-07 
3.340000e+00 3.000591e-07 
3.350000e+00 3.000591e-07 
3.360000e+00 3.000591e-07 
3.370000e+00 3.000591e-07 
3.380000e+00 3.000591e-07 
3.390000e+00 3.000591e-07 
3.400000e+00 3.000591e-07 
3.410000e+00 3.000591e-07 
3.420000e+00 3.000591e-07 
3.430000e+00 3.000591e-07 
3.440000e+00 3.000590e-07 
3.450000e+00 3.000590e-07 
3.460000e+00 3.000590e-07 
3.470000e+00 3.000590e-07 
3.480000e+00 3.000590e-07 
3.490000e+00 3.000590e-07 
3.500000e+00 3.000589e-07 
3.510000e+00 3.000589e-07 
3.520000e+00 3.000589e-07 
3.530000e+00 3.000589e-07 
3.540000e+00 3.000589e-07 
3.550000e+00 3.000589e-07 
3.560000e+00 3.000588e-07 
3.570000e+00 3.000588e-07 
3.580000e+00 3.000588e-07 
3.590000e+00 3.000588e-07 
3.600000e+00 3.000588e-07 
3.610000e+00 3.000588e-07 
3.620000e+00 3.000588e-07 
3.630000e+00 3.000588e-07 
3.640000e+00 3.000588e-07 
3.650000e+00 3.000588e-07 
3.660000e+00 3.000588e-07 
3.670000e+00 3.000588e-07 
3.680000e+00 3.000588e-07 
3.690000e+00 3.000588e-07 
3.700000e+00 3.000588e-07 
3.710000e+00 3.000588e-07 
3.720000e+00 3.000588e-07 
3.730000e+00 3.000587e-07 
3.740000e+00 3.000587e-07 
3.750000e+00 3.000587e-07 
3.760000e+00 3.000587e-07 
3.770000e+00 3.000587e-07 
3.780000e+00 3.000587e-07 
3.790000e+00 3.000587e-07 
3.800000e+00 3.000587e-07 
3.810000e+00 3.000587e-07 
3.820000e+00 3.000587e-07 
3.830000e+00 3.000587e-07 
3.840000e+00 3.000586e-07 
3.850000e+00 3.000586e-07 
3.860000e+00 3.000586e-07 
3.870000e+00 3.000586e-07 
3.880000e+00 3.000586e-07 
3.890000e+00 3.000586e-07 
3.900000e+00 3.000585e-07 
3.910000e+00 3.000585e-07 
3.920000e+00 3.000585e-07 
3.930000e+00 3.000585e-07 
3.940000e+00 3.000585e-07 
3.950000e+00 3.000585e-07 
3.960000e+00 3.000584e-07 
3.970000e+00 3.000584e-07 
3.980000e+00 3.000584e-07 
3.990000e+00 3.000584e-07 
4.000000e+00 3.000584e-07 
4.010000e+00 3.000584e-07 
4.020000e+00 3.000584e-07 
4.030000e+00 3.000584e-07 
4.040000e+00 3.000584e-07 
4.050000e+00 3.000584e-07 
4.060000e+00 3.000584e-07 
4.070000e+00 3.000583e-07 
4.080000e+00 3.000583e-07 
4.090000e+00 3.000583e-07 
4.100000e+00 3.000583e-07 
4.110000e+00 3.000583e-07 
4.120000e+00 3.000583e-07 
4.130000e+00 3.000583e-07 
4.140000e+00 3.000583e-07 
4.150000e+00 3.000583e-07 
4.160000e+00 3.000583e-07 
4.170000e+00 3.000583e-07 
4.180000e+00 3.000583e-07 
4.190000e+00 3.000583e-07 
4.200000e+00 3.000583e-07 
4.210000e+00 3.000583e-07 
4.220000e+00 3.000583e-07 
4.230000e+00 3.000583e-07 
4.240000e+00 3.000582e-07 
4.250000e+00 3.000582e-07 
4.260000e+00 3.000582e-07 
4.270000e+00 3.000582e-07 
4.280000e+00 3.000582e-07 
4.290000e+00 3.000582e-07 
4.300000e+00 3.000582e-07 
4.310000e+00 3.000582e-07 
4.320000e+00 3.000582e-07 
4.330000e+00 3.000582e-07 
4.340000e+00 3.000582e-07 
4.350000e+00 3.000581e-07 
4.360000e+00 3.000581e-07 
4.370000e+00 3.000581e-07 
4.380000e+00 3.000581e-07 
4.390000e+00 3.000581e-07 
4.400000e+00 3.000581e-07 
4.410000e+00 3.000580e-07 
4.420000e+00 3.000580e-07 
4.430000e+00 3.000580e-07 
4.440000e+00 3.000580e-07 
4.450000e+00 3.000580e-07 
4.460000e+00 3.000580e-07 
4.470000e+00 3.000579e-07 
4.480000e+00 3.000579e-07 
4.490000e+00 3.000579e-07 
4.500000e+00 3.000579e-07 
4.510000e+00 3.000579e-07 
4.520000e+00 3.000579e-07 
4.530000e+00 3.000579e-07 
4.540000e+00 3.000579e-07 
4.550000e+00 3.000579e-07 
4.560000e+00 3.000579e-07 
4.570000e+00 3.000579e-07 
4.580000e+00 3.000578e-07 
4.590000e+00 3.000578e-07 
4.600000e+00 3.000578e-07 
4.610000e+00 3.000578e-07 
4.620000e+00 3.000578e-07 
4.630000e+00 3.000578e-07 
4.640000e+00 3.000578e-07 
4.650000e+00 3.000578e-07 
4.660000e+00 3.000578e-07 
4.670000e+00 3.000578e-07 
4.680000e+00 3.000578e-07 
4.690000e+00 3.000578e-07 
4.700000e+00 3.000578e-07 
4.710000e+00 3.000578e-07 
4.720000e+00 3.000578e-07 
4.730000e+00 3.000578e-07 
4.740000e+00 3.000578e-07 
4.750000e+00 3.000577e-07 
4.760000e+00 3.000577e-07 
4.770000e+00 3.000577e-07 
4.780000e+00 3.000577e-07 
4.790000e+00 3.000577e-07 
4.800000e+00 3.000577e-07 
4.810000e+00 1.533230e-04 
4.820000e+00 6.128485e-04 
4.830000e+00 1.379561e-03 
4.840000e+00 2.454143e-03 
4.850000e+00 3.837276e-03 
4.860000e+00 5.529641e-03 
4.870000e+00 7.531916e-03 
4.880000e+00 9.844779e-03 
4.890000e+00 1.246890e-02 
4.900000e+00 1.540497e-02 
4.910000e+00 1.865364e-02 
4.920000e+00 2.221559e-02 
4.930000e+00 2.609148e-02 
4.940000e+00 3.028198e-02 
4.950000e+00 3.478776e-02 
4.960000e+00 3.960947e-02 
4.970000e+00 4.474778e-02 
4.980000e+00 5.020333e-02 
4.990000e+00 5.597679e-02 
5.000000e+00 6.206880e-02 
5.010000e+00 6.848000e-02 
5.020000e+00 7.521105e-02 
5.030000e+00 8.226259e-02 
5.040000e+00 8.963525e-02 
5.050000e+00 9.732966e-02 
5.060000e+00 1.053465e-01 
5.070000e+00 1.136863e-01 
5.080000e+00 1.223498e-01 
5.090000e+00 1.313375e-01 
5.100000e+00 1.406501e-01 
5.110000e+00 1.502882e-01 
5.120000e+00 1.602525e-01 
5.130000e+00 1.705434e-01 
5.140000e+00 1.811617e-01 
5.150000e+00 1.921078e-01 
5.160000e+00 2.033825e-01 
5.170000e+00 2.149863e-01 
5.180000e+00 2.269198e-01 
5.190000e+00 2.391835e-01 
5.200000e+00 2.517781e-01 
5.210000e+00 2.647042e-01 
5.220000e+00 2.779622e-01 
5.230000e+00 2.915528e-01 
5.240000e+00 3.054764e-01 
5.250000e+00 3.197338e-01 
5.260000e+00 3.343254e-01 
5.270000e+00 3.492517e-01 
5.280000e+00 3.645134e-01 
5.290000e+00 3.801109e-01 
5.300000e+00 3.960448e-01 
5.310000e+00 4.123156e-01 
5.320000e+00 4.289238e-01 
5.330000e+00 4.458700e-01 
5.340000e+00 4.631546e-01 
5.350000e+00 4.807782e-01 
5.360000e+00 4.987412e-01 
5.370000e+00 5.170442e-01 
5.380000e+00 5.356876e-01 
5.390000e+00 5.546720e-01 
5.400000e+00 5.739978e-01 
5.410000e+00 5.936654e-01 
5.420000e+00 6.136755e-01 
5.430000e+00 6.340283e-01 
5.440000e+00 6.547244e-01 
5.450000e+00 6.757642e-01 
5.460000e+00 6.971482e-01 
5.470000e+00 7.188768e-01 
5.480000e+00 7.409504e-01 
5.490000e+00 7.633695e-01 
5.500000e+00 7.861345e-01 
5.510000e+00 8.092458e-01 
5.520000e+00 8.327039e-01 
5.530000e+00 8.565090e-01 
5.540000e+00 8.806617e-01 
5.550000e+00 9.051624e-01 
5.560000e+00 9.300113e-01 
5.570000e+00 9.552089e-01 
5.580000e+00 9.807556e-01 
5.590000e+00 1.006652e+00 
5.600000e+00 1.032898e+00 
5.610000e+00 1.059494e+00 
5.620000e+00 1.086440e+00 
5.630000e+00 1.113738e+00 
5.640000e+00 1.141386e+00 
5.650000e+00 1.169386e+00 
5.660000e+00 1.197738e+00 
5.670000e+00 1.226442e+00 
5.680000e+00 1.255499e+00 
5.690000e+00 1.284908e+00 
5.700000e+00 1.314671e+00 
5.710000e+00 1.344787e+00 
5.720000e+00 1.375256e+00 
5.730000e+00 1.406080e+00 
5.740000e+00 1.437258e+00 
5.750000e+00 1.468790e+00 
5.760000e+00 1.500677e+00 
5.770000e+00 1.532919e+00 
5.780000e+00 1.565516e+00 
5.790000e+00 1.598469e+00 
5.800000e+00 1.631777e+00 
5.810000e+00 1.665442e+00 
5.820000e+00 1.699463e+00 
5.830000e+00 1.733840e+00 
5.840000e+00 1.768574e+00 
5.850000e+00 1.803664e+00 
5.860000e+00 1.839112e+00 
5.870000e+00 1.874917e+00 
5.880000e+00 1.911079e+00 
5.890000e+00 1.947599e+00 
5.900000e+00 1.984477e+00 
5.910000e+00 2.021713e+00 
5.920000e+00 2.059307e+00 
5.930000e+00 2.097259e+00 
5.940000e+00 2.135569e+00 
5.950000e+00 2.174238e+00 
5.960000e+00 2.213266e+00 
5.970000e+00 2.252653e+00 
5.980000e+00 2.292398e+00 
5.990000e+00 2.332503e+00 
6.000000e+00 2.372967e+00 
6.010000e+00 2.413790e+00 
6.020000e+00 2.454972e+00 
6.030000e+00 2.496514e+00 
6.040000e+00 2.538416e+00 
6.050000e+00 2.580677e+00 
6.060000e+00 2.623297e+00 
6.070000e+00 2.666278e+00 
6.080000e+00 2.709618e+00 
6.090000e+00 2.753319e+00 
6.100000e+00 2.797379e+00 
6.110000e+00 2.841799e+00 
6.120000e+00 2.886579e+00 
6.130000e+00 2.931720e+00 
6.140000e+00 2.977220e+00 
6.150000e+00 3.023081e+00 
6.160000e+00 3.069301e+00 
6.170000e+00 3.115882e+00 
6.180000e+00 3.162822e+00 
6.190000e+00 3.210123e+00 
6.200000e+00 3.257784e+00 
6.210000e+00 3.305805e+00 
6.220000e+00 3.354186e+00 
6.230000e+00 3.402927e+00 
6.240000e+00 3.452028e+00 
6.250000e+00 3.501489e+00 
6.260000e+00 3.551310e+00 
6.270000e+00 3.601490e+00 
6.280000e+00 3.652031e+00 
6.290000e+00 3.702931e+00 
6.300000e+00 3.754191e+00 
6.310000e+00 3.805810e+00 
6.320000e+00 3.857789e+00 
6.330000e+00 3.910127e+00 
6.340000e+00 3.962824e+00 
6.350000e+00 4.015880e+00 
6.360000e+00 4.069296e+00 
6.370000e+00 4.123070e+00 
6.380000e+00 4.177204e+00 
6.390000e+00 4.231696e+00 
6.400000e+00 4.286546e+00 
6.410000e+00 4.341756e+00 
6.420000e+00 4.397323e+00 
6.430000e+00 4.453248e+00 
6.440000e+00 4.509532e+00 
6.450000e+00 4.566173e+00 
6.460000e+00 4.623172e+00 
6.470000e+00 4.680529e+00 
6.480000e+00 4.738243e+00 
6.490000e+00 4.796314e+00 
6.500000e+00 4.854742e+00 
6.510000e+00 4.913527e+00 
6.520000e+00 4.972668e+00 
6.530000e+00 5.032166e+00 
6.540000e+00 5.092020e+00 
6.550000e+00 5.152230e+00 
6.560000e+00 5.212796e+00 
6.570000e+00 5.273717e+00 
6.580000e+00 5.334994e+00 
6.590000e+00 5.396625e+00 
6.600000e+00 5.458612e+00 
6.610000e+00 5.520953e+00 
6.620000e+00 5.583648e+00 
6.630000e+00 5.646698e+00 
6.640000e+00 5.710101e+00 
6.650000e+00 5.773858e+00 
6.660000e+00 5.837968e+00 
6.670000e+00 5.902432e+00 
6.680000e+00 5.967248e+00 
6.690000e+00 6.032416e+00 
6.700000e+00 6.097937e+00 
6.710000e+00 6.163810e+00 
6.720000e+00 6.230034e+00 
6.730000e+00 6.296609e+00 
6.740000e+00 6.363536e+00 
6.750000e+00 6.430813e+00 
6.760000e+00 6.498441e+00 
6.770000e+00 6.566419e+00 
6.780000e+00 6.634746e+00 
6.790000e+00 6.703423e+00 
6.800000e+00 6.772449e+00 
6.810000e+00 6.841823e+00 
6.820000e+00 6.911546e+00 
6.830000e+00 6.981617e+00 
6.840000e+00 7.052036e+00 
6.850000e+00 7.122802e+00 
6.860000e+00 7.193915e+00 
6.870000e+00 7.265375e+00 
6.880000e+00 7.337181e+00 
6.890000e+00 7.409332e+00 
6.900000e+00 7.481830e+00 
6.910000e+00 7.554672e+00 
6.920000e+00 7.627859e+00 
6.930000e+00 7.701391e+00 
6.940000e+00 7.775266e+00 
6.950000e+00 7.849485e+00 
6.960000e+00 7.924047e+00 
6.970000e+00 7.998952e+00 
6.980000e+00 8.074199e+00 
6.990000e+00 8.149788e+00 
7.000000e+00 8.225719e+00 
7.010000e+00 8.301991e+00 
7.020000e+00 8.378603e+00 
7.030000e+00 8.455556e+00 
7.040000e+00 8.532848e+00 
7.050000e+00 8.610480e+00 
7.060000e+00 8.688450e+00 
7.070000e+00 8.766759e+00 
7.080000e+00 8.845407e+00 
7.090000e+00 8.924391e+00 
7.100000e+00 9.003713e+00 
7.110000e+00 9.083372e+00 
7.120000e+00 9.163366e+00 
7.130000e+00 9.243697e+00 
7.140000e+00 9.324362e+00 
7.150000e+00 9.405363e+00 
7.160000e+00 9.486698e+00 
7.170000e+00 9.568366e+00 
7.180000e+00 9.650368e+00 
7.190000e+00 9.732703e+00 
7.200000e+00 9.815371e+00 
7.210000e+00 9.898370e+00 
7.220000e+00 9.981700e+00 
7.230000e+00 1.006536e+01 
7.240000e+00 1.014935e+01 
7.250000e+00 1.023367e+01 
7.260000e+00 1.031833e+01 
7.270000e+00 1.040331e+01 
7.280000e+00 1.048861e+01 
7.290000e+00 1.057425e+01 
7.300000e+00 1.066021e+01 
7.310000e+00 1.074650e+01 
7.320000e+00 1.083312e+01 
7.330000e+00 1.092006e+01 
7.340000e+00 1.100733e+01 
7.350000e+00 1.109492e+01 
7.360000e+00 1.118284e+01 
7.370000e+00 1.127108e+01 
7.380000e+00 1.135964e+01 
7.390000e+00 1.144852e+01 
7.400000e+00 1.153773e+01 
7.410000e+00 1.162726e+01 
7.420000e+00 1.171711e+01 
7.430000e+00 1.180728e+01 
7.440000e+00 1.189777e+01 
7.450000e+00 1.198858e+01 
7.460000e+00 1.207970e+01 
7.470000e+00 1.217115e+01 
7.480000e+00 1.226291e+01 
7.490000e+00 1.235499e+01 
7.500000e+00 1.244738e+01 
7.510000e+00 1.254010e+01 
7.520000e+00 1.263312e+01 
7.530000e+00 1.272646e+01 
7.540000e+00 1.282012e+01 
7.550000e+00 1.291408e+01 
7.560000e+00 1.300837e+01 
7.570000e+00 1.310296e+01 
7.580000e+00 1.319786e+01 
7.590000e+00 1.329308e+01 
7.600000e+00 1.338860e+01 
7.610000e+00 1.348444e+01 
7.620000e+00 1.358058e+01 
7.630000e+00 1.367704e+01 
7.640000e+00 1.377380e+01 
7.650000e+00 1.387087e+01 
7.660000e+00 1.396824e+01 
7.670000e+00 1.406592e+01 
7.680000e+00 1.416391e+01 
7.690000e+00 1.426220e+01 
7.700000e+00 1.436080e+01 
7.710000e+00 1.445970e+01 
7.720000e+00 1.455890e+01 
7.730000e+00 1.465841e+01 
7.740000e+00 1.475821e+01 
7.750000e+00 1.485832e+01 
7.760000e+00 1.495873e+01 
7.770000e+00 1.505944e+01 
7.780000e+00 1.516044e+01 
7.790000e+00 1.526175e+01 
7.800000e+00 1.536335e+01 
7.810000e+00 1.546526e+01 
7.820000e+00 1.556745e+01 
7.830000e+00 1.566995e+01 
7.840000e+00 1.577274e+01 
7.850000e+00 1.587582e+01 
7.860000e+00 1.597920e+01 
7.870000e+00 1.608287e+01 
7.880000e+00 1.618683e+01 
7.890000e+00 1.629109e+01 
7.900000e+00 1.639564e+01 
7.910000e+00 1.650048e+01 
7.920000e+00 1.660561e+01 
7.930000e+00 1.671102e+01 
7.940000e+00 1.681673e+01 
7.950000e+00 1.692273e+01 
7.960000e+00 1.702901e+01 
7.970000e+00 1.713558e+01 
7.980000e+00 1.724243e+01 
7.990000e+00 1.734957e+01 
8.000000e+00 1.745700e+01 
8.010000e+00 1.756471e+01 
8.020000e+00 1.767270e+01 
8.030000e+00 1.778098e+01 
8.040000e+00 1.788954e+01 
8.050000e+00 1.799838e+01 
8.060000e+00 1.810750e+01 
8.070000e+00 1.821690e+01 
8.080000e+00 1.832658e+01 
8.090000e+00 1.843654e+01 
8.100000e+00 1.854677e+01 
8.110000e+00 1.865729e+01 
8.120000e+00 1.876808e+01 
8.130000e+00 1.887915e+01 
8.140000e+00 1.899049e+01 
8.150000e+00 1.910210e+01 
8.160000e+00 1.921400e+01 
8.170000e+00 1.932616e+01 
8.180000e+00 1.943860e+01 
8.190000e+00 1.955130e+01 
8.200000e+00 1.966428e+01 
8.210000e+00 1.977753e+01 
8.220000e+00 1.989105e+01 
8.230000e+00 2.000484e+01 
8.240000e+00 2.011890e+01 
8.250000e+00 2.023323e+01 
8.260000e+00 2.034782e+01 
8.270000e+00 2.046268e+01 
8.280000e+00 2.057780e+01 
8.290000e+00 2.069319e+01 
8.300000e+00 2.080884e+01 
8.310000e+00 2.092476e+01 
8.320000e+00 2.104094e+01 
8.330000e+00 2.115738e+01 
8.340000e+00 2.127408e+01 
8.350000e+00 2.139105e+01 
8.360000e+00 2.150827e+01 
8.370000e+00 2.162575e+01 
8.380000e+00 2.174350e+01 
8.390000e+00 2.186150e+01 
8.400000e+00 2.197975e+01 
8.410000e+00 2.209827e+01 
8.420000e+00 2.221704e+01 
8.430000e+00 2.233606e+01 
8.440000e+00 2.245534e+01 
8.450000e+00 2.257487e+01 
8.460000e+00 2.269466e+01 
8.470000e+00 2.281470e+01 
8.480000e+00 2.293499e+01 
8.490000e+00 2.305553e+01 
8.500000e+00 2.317632e+01 
8.510000e+00 2.329736e+01 
8.520000e+00 2.341864e+01 
8.530000e+00 2.354018e+01 
8.540000e+00 2.366196e+01 
8.550000e+00 2.378400e+01 
8.560000e+00 2.390627e+01 
8.570000e+00 2.402879e+01 
8.580000e+00 2.415156e+01 
8.590000e+00 2.427457e+01 
8.600000e+00 2.439782e+01 
8.610000e+00 2.452132e+01 
8.620000e+00 2.464505e+01 
8.630000e+00 2.476903e+01 
8.640000e+00 2.489325e+01 
8.650000e+00 2.501771e+01 
8.660000e+00 2.514240e+01 
8.670000e+00 2.526734e+01 
8.680000e+00 2.539251e+01 
8.690000e+00 2.551792e+01 
8.700000e+00 2.564356e+01 
8.710000e+00 2.576944e+01 
8.720000e+00 2.589556e+01 
8.730000e+00 2.602190e+01 
8.740000e+00 2.614849e+01 
8.750000e+00 2.627530e+01 
8.760000e+00 2.640234e+01 
8.770000e+00 2.652962e+01 
8.780000e+00 2.665713e+01 
8.790000e+00 2.678486e+01 
8.800000e+00 2.691283e+01 
8.810000e+00 2.704102e+01 
8.820000e+00 2.716944e+01 
8.830000e+00 2.729809e+01 
8.840000e+00 2.742696e+01 
8.850000e+00 2.755606e+01 
8.860000e+00 2.768538e+01 
8.870000e+00 2.781493e+01 
8.880000e+00 2.794470e+01 
8.890000e+00 2.807469e+01 
8.900000e+00 2.820490e+01 
8.910000e+00 2.833534e+01 
8.920000e+00 2.846599e+01 
8.930000e+00 2.859687e+01 
8.940000e+00 2.872796e+01 
8.950000e+00 2.885927e+01 
8.960000e+00 2.899080e+01 
8.970000e+00 2.912255e+01 
8.980000e+00 2.925451e+01 
8.990000e+00 2.938669e+01 
9.000000e+00 2.951908e+01 
9.010000e+00 2.965169e+01 
9.020000e+00 2.978451e+01 
9.030000e+00 2.991754e+01 
9.040000e+00 3.005079e+01 
9.050000e+00 3.018424e+01 
9.060000e+00 3.031791e+01 
9.070000e+00 3.045178e+01 
9.080000e+00 3.058587e+01 
9.090000e+00 3.072016e+01 
9.100000e+00 3.085466e+01 
9.110000e+00 3.098937e+01 
9.120000e+00 3.112428e+01 
9.130000e+00 3.125940e+01 
9.140000e+00 3.139472e+01 
9.150000e+00 3.153025e+01 
9.160000e+00 3.166598e+01 
9.170000e+00 3.180191e+01 
9.180000e+00 3.193805e+01 
9.190000e+00 3.207439e+01 
9.200000e+00 3.221093e+01 
9.210000e+00 3.234766e+01 
9.220000e+00 3.248460e+01 
9.230000e+00 3.262174e+01 
9.240000e+00 3.275907e+01 
9.250000e+00 3.289660e+01 
9.260000e+00 3.303433e+01 
9.270000e+00 3.317225e+01 
9.280000e+00 3.331037e+01 
9.290000e+00 3.344868e+01 
9.300000e+00 3.358719e+01 
9.310000e+00 3.372589e+01 
9.320000e+00 3.386478e+01 
9.330000e+00 3.400386e+01 
9.340000e+00 3.414314e+01 
9.350000e+00 3.428260e+01 
9.360000e+00 3.442226e+01 
9.370000e+00 3.456210e+01 
9.380000e+00 3.470213e+01 
9.390000e+00 3.484235e+01 
9.400000e+00 3.498275e+01 
9.410000e+00 3.512334e+01 
9.420000e+00 3.526412e+01 
9.430000e+00 3.540508e+01 
9.440000e+00 3.554623e+01 
9.450000e+00 3.568756e+01 
9.460000e+00 3.582907e+01 
9.470000e+00 3.597077e+01 
9.480000e+00 3.611264e+01 
9.490000e+00 3.625470e+01 
9.500000e+00 3.639693e+01 
9.510000e+00 3.653935e+01 
9.520000e+00 3.668194e+01 
9.530000e+00 3.682472e+01 
9.540000e+00 3.696767e+01 
9.550000e+00 3.711079e+01 
9.560000e+00 3.725410e+01 
9.570000e+00 3.739757e+01 
9.580000e+00 3.754123e+01 
9.590000e+00 3.768505e+01 
9.600000e+00 3.782905e+01 
9.610000e+00 3.797323e+01 
9.620000e+00 3.811757e+01 
9.630000e+00 3.826209e+01 
9.640000e+00 3.840677e+01 
9.650000e+00 3.855163e+01 
9.660000e+00 3.869666e+01 
9.670000e+00 3.884185e+01 
9.680000e+00 3.898721e+01 
9.690000e+00 3.913274e+01 
9.700000e+00 3.927844e+01 
9.710000e+00 3.942430e+01 
9.720000e+00 3.957033e+01 
9.730000e+00 3.971652e+01 
9.740000e+00 3.986288e+01 
9.750000e+00 4.000940e+01 
9.760000e+00 4.015609e+01 
9.770000e+00 4.030293e+01 
9.780000e+00 4.044994e+01 
9.790000e+00 4.059711e+01 
9.800000e+00 4.074443e+01 
9.810000e+00 4.089192e+01 
9.820000e+00 4.103957e+01 
9.830000e+00 4.118737e+01 
9.840000e+00 4.133534e+01 
9.850000e+00 4.148346e+01 
9.860000e+00 4.163173e+01 
9.870000e+00 4.178016e+01 
9.880000e+00 4.192875e+01 
9.890000e+00 4.207749e+01 
9.900000e+00 4.222638e+01 
9.910000e+00 4.237543e+01 
9.920000e+00 4.252463e+01 
9.930000e+00 4.267398e+01 
9.940000e+00 4.282349e+01 
9.950000e+00 4.297314e+01 
9.960000e+00 4.312295e+01 
9.970000e+00 4.327290e+01 
9.980000e+00 4.342300e+01 
9.990000e+00 4.357325e+01 
1.000000e+01 4.372365e+01 
1.001000e+01 4.387419e+01 
1.002000e+01 4.402488e+01 
1.003000e+01 4.417572e+01 
1.004000e+01 4.432670e+01 
1.005000e+01 4.447783e+01 
1.006000e+01 4.462910e+01 
1.007000e+01 4.478051e+01 
1.008000e+01 4.493206e+01 
1.009000e+01 4.508376e+01 
1.010000e+01 4.523560e+01 
1.011000e+01 4.538758e+01 
1.012000e+01 4.553970e+01 
1.013000e+01 4.569195e+01 
1.014000e+01 4.584435e+01 
1.015000e+01 4.599689e+01 
1.016000e+01 4.614956e+01 
1.017000e+01 4.630237e+01 
1.018000e+01 4.645531e+01 
1.019000e+01 4.660840e+01 
1.020000e+01 4.676161e+01 
1.021000e+01 4.691496e+01 
1.022000e+01 4.706845e+01 
1.023000e+01 4.722207e+01 
1.024000e+01 4.737582e+01 
1.025000e+01 4.752970e+01 
1.026000e+01 4.768372e+01 
1.027000e+01 4.783786e+01 
1.028000e+01 4.799214e+01 
1.029000e+01 4.814655e+01 
1.030000e+01 4.830108e+01 
1.031000e+01 4.845575e+01 
1.032000e+01 4.861054e+01 
1.033000e+01 4.876546e+01 
1.034000e+01 4.892050e+01 
1.035000e+01 4.907567e+01 
1.036000e+01 4.923097e+01 
1.037000e+01 4.938640e+01 
1.038000e+01 4.954194e+01 
1.039000e+01 4.969761e+01 
1.040000e+01 4.985341e+01 
1.041000e+01 5.000933e+01 
1.042000e+01 5.016537e+01 
1.043000e+01 5.032153e+01 
1.044000e+01 5.047781e+01 
1.045000e+01 5.063421e+01 
1.046000e+01 5.079073e+01 
1.047000e+01 5.094738e+01 
1.048000e+01 5.110414e+01 
1.049000e+01 5.126101e+01 
1.050000e+01 5.141801e+01 
1.051000e+01 5.157512e+01 
1.052000e+01 5.173235e+01 
1.053000e+01 5.188970e+01 
1.054000e+01 5.204716e+01 
1.055000e+01 5.220473e+01 
1.056000e+01 5.236242e+01 
1.057000e+01 5.252023e+01 
1.058000e+01 5.267814e+01 
1.059000e+01 5.283617e+01 
1.060000e+01 5.299431e+01 
1.061000e+01 5.315256e+01 
1.062000e+01 5.331093e+01 
1.063000e+01 5.346940e+01 
1.064000e+01 5.362798e+01 
1.065000e+01 5.378668e+01 
1.066000e+01 5.394548e+01 
1.067000e+01 5.410438e+01 
1.068000e+01 5.426340e+01 
1.069000e+01 5.442252e+01 
1.070000e+01 5.458175e+01 
1.071000e+01 5.474109e+01 
1.072000e+01 5.490053e+01 
1.073000e+01 5.506008e+01 
1.074000e+01 5.521973e+01 
1.075000e+01 5.537948e+01 
1.076000e+01 5.553934e+01 
1.077000e+01 5.569930e+01 
1.078000e+01 5.585936e+01 
1.079000e+01 5.601952e+01 
1.080000e+01 5.617979e+01 
1.081000e+01 5.634015e+01 
1.082000e+01 5.650062e+01 
1.083000e+01 5.666118e+01 
1.084000e+01 5.682184e+01 
1.085000e+01 5.698261e+01 
1.086000e+01 5.714347e+01 
1.087000e+01 5.730442e+01 
1.088000e+01 5.746548e+01 
1.089000e+01 5.762663e+01 
1.090000e+01 5.778787e+01 
1.091000e+01 5.794921e+01 
1.092000e+01 5.811065e+01 
1.093000e+01 5.827218e+01 
1.094000e+01 5.843381e+01 
1.095000e+01 5.859552e+01 
1.096000e+01 5.875733e+01 
1.097000e+01 5.891924e+01 
1.098000e+01 5.908123e+01 
1.099000e+01 5.924332e+01 
1.100000e+01 5.940549e+01 
1.101000e+01 5.956776e+01 
1.102000e+01 5.973011e+01 
1.103000e+01 5.989256e+01 
1.104000e+01 6.005509e+01 
1.105000e+01 6.021771e+01 
1.106000e+01 6.038042e+01 
1.107000e+01 6.054322e+01 
1.108000e+01 6.070610e+01 
1.109000e+01 6.086907e+01 
1.110000e+01 6.103213e+01 
1.111000e+01 6.119527e+01 
1.112000e+01 6.135849e+01 
1.113000e+01 6.152180e+01 
1.114000e+01 6.168520e+01 
1.115000e+01 6.184867e+01 
1.116000e+01 6.201223e+01 
1.117000e+01 6.217587e+01 
1.118000e+01 6.233960e+01 
1.119000e+01 6.250340e+01 
1.120000e+01 6.266729e+01 
1.121000e+01 6.283125e+01 
1.122000e+01 6.299530e+01 
1.123000e+01 6.315942e+01 
1.124000e+01 6.332363e+01 
1.125000e+01 6.348791e+01 
1.126000e+01 6.365227e+01 
1.127000e+01 6.381671e+01 
1.128000e+01 6.398122e+01 
1.129000e+01 6.414581e+01 
1.130000e+01 6.431048e+01 
1.131000e+01 6.447522e+01 
1.132000e+01 6.464004e+01 
1.133000e+01 6.480493e+01 
1.134000e+01 6.496990e+01 
1.135000e+01 6.513494e+01 
1.136000e+01 6.530005e+01 
1.137000e+01 6.546524e+01 
1.138000e+01 6.563050e+01 
1.139000e+01 6.579583e+01 
1.140000e+01 6.596123e+01 
1.141000e+01 6.612670e+01 
1.142000e+01 6.629225e+01 
1.143000e+01 6.645786e+01 
1.144000e+01 6.662354e+01 
1.145000e+01 6.678930e+01 
1.146000e+01 6.695512e+01 
1.147000e+01 6.712101e+01 
1.148000e+01 6.728696e+01 
1.149000e+01 6.745299e+01 
1.150000e+01 6.761908e+01 
1.151000e+01 6.778524e+01 
1.152000e+01 6.795146e+01 
1.153000e+01 6.811775e+01 
1.154000e+01 6.828410e+01 
1.155000e+01 6.845052e+01 
1.156000e+01 6.861701e+01 
1.157000e+01 6.878355e+01 
1.158000e+01 6.895017e+01 
1.159000e+01 6.911684e+01 
1.160000e+01 6.928358e+01 
1.161000e+01 6.945037e+01 
1.162000e+01 6.961723e+01 
1.163000e+01 6.978416e+01 
1.164000e+01 6.995114e+01 
1.165000e+01 7.011818e+01 
1.166000e+01 7.028528e+01 
1.167000e+01 7.045244e+01 
1.168000e+01 7.061966e+01 
1.169000e+01 7.078694e+01 
1.170000e+01 7.095428e+01 
1.171000e+01 7.112168e+01 
1.172000e+01 7.128913e+01 
1.173000e+01 7.145664e+01 
1.174000e+01 7.162421e+01 
1.175000e+01 7.179183e+01 
1.176000e+01 7.195951e+01 
1.177000e+01 7.212724e+01 
1.178000e+01 7.229503e+01 
1.179000e+01 7.246288e+01 
1.180000e+01 7.263077e+01 
1.181000e+01 7.279872e+01 
1.182000e+01 7.296673e+01 
1.183000e+01 7.313479e+01 
1.184000e+01 7.330289e+01 
1.185000e+01 7.347106e+01 
1.186000e+01 7.363927e+01 
1.187000e+01 7.380753e+01 
1.188000e+01 7.397585e+01 
1.189000e+01 7.414422e+01 
1.190000e+01 7.431263e+01 
1.191000e+01 7.448110e+01 
1.192000e+01 7.464961e+01 
1.193000e+01 7.481818e+01 
1.194000e+01 7.498679e+01 
1.195000e+01 7.515545e+01 
1.196000e+01 7.532416e+01 
1.197000e+01 7.549291e+01 
1.198000e+01 7.566172e+01 
1.199000e+01 7.583056e+01 
1.200000e+01 7.599946e+01 
